    60.000     0.000    51.000  0
    66.888     0.000    49.630  1
    72.728     0.000    45.728  1
    76.630     0.000    39.888  1
    78.000     0.000    33.000  1
    76.630     0.000    26.112  1
    72.728     0.000    20.272  1
    66.888     0.000    16.370  1
    60.000     0.000    15.000  1
    53.112     0.000    16.370  1
    47.272     0.000    20.272  1
    43.370     0.000    26.112  1
    42.000     0.000    33.000  1
    43.370     0.000    39.888  1
    47.272     0.000    45.728  1
    53.112     0.000    49.630  1
    60.000     0.000    51.000  1
    60.000    81.000    51.000  0
    66.888    81.000    49.630  1
    72.728    81.000    45.728  1
    76.630    81.000    39.888  1
    78.000    81.000    33.000  1
    76.630    81.000    26.112  1
    72.728    81.000    20.272  1
    66.888    81.000    16.370  1
    60.000    81.000    15.000  1
    53.112    81.000    16.370  1
    47.272    81.000    20.272  1
    43.370    81.000    26.112  1
    42.000    81.000    33.000  1
    43.370    81.000    39.888  1
    47.272    81.000    45.728  1
    53.112    81.000    49.630  1
    60.000    81.000    51.000  1
    54.838    15.000    65.594  0
    61.296    15.000    65.975  1
    67.704    15.000    65.088  1
    73.816    15.000    62.969  1
    79.397    15.000    59.698  1
    84.233    15.000    55.400  1
    88.137    15.000    50.242  1
    90.960    15.000    44.422  1
    92.594    15.000    38.162  1
    54.838    81.000    65.594  0
    61.296    81.000    65.975  1
    67.704    81.000    65.088  1
    73.816    81.000    62.969  1
    79.397    81.000    59.698  1
    84.233    81.000    55.400  1
    88.137    81.000    50.242  1
    90.960    81.000    44.422  1
    92.594    81.000    38.162  1
    54.838    15.000    65.594  0
    54.838    81.000    65.594  1
    61.296    15.000    65.975  0
    61.296    81.000    65.975  1
    67.704    15.000    65.088  0
    67.704    81.000    65.088  1
    73.816    15.000    62.969  0
    73.816    81.000    62.969  1
    79.397    15.000    59.698  0
    79.397    81.000    59.698  1
    84.233    15.000    55.400  0
    84.233    81.000    55.400  1
    88.137    15.000    50.242  0
    88.137    81.000    50.242  1
    90.960    15.000    44.422  0
    90.960    81.000    44.422  1
    92.594    15.000    38.162  0
    92.594    81.000    38.162  1
    92.594    15.000    38.162  0
    93.000    15.000    33.000  1
    92.594    81.000    38.162  0
    93.000    81.000    33.000  1
    93.000     0.000    33.000  0
    92.366     0.000    26.562  1
    90.488     0.000    20.371  1
    87.438     0.000    14.666  1
    83.335     0.000     9.665  1
    78.334     0.000     5.562  1
    72.629     0.000     2.512  1
    66.438     0.000     0.634  1
    60.000     0.000     0.000  1
    53.562     0.000     0.634  1
    47.371     0.000     2.512  1
    41.666     0.000     5.562  1
    36.665     0.000     9.665  1
    32.562     0.000    14.666  1
    29.512     0.000    20.371  1
    27.634     0.000    26.562  1
    27.000     0.000    33.000  1
    27.634     0.000    39.438  1
    29.512     0.000    45.629  1
    32.562     0.000    54.000  1
    93.000    81.000    33.000  0
    92.366    81.000    26.562  1
    90.488    81.000    20.371  1
    87.438    81.000    14.666  1
    83.335    81.000     9.665  1
    78.334    81.000     5.562  1
    72.629    81.000     2.512  1
    66.438    81.000     0.634  1
    60.000    81.000     0.000  1
    53.562    81.000     0.634  1
    47.371    81.000     2.512  1
    41.666    81.000     5.562  1
    36.665    81.000     9.665  1
    32.562    81.000    14.666  1
    29.512    81.000    20.371  1
    27.634    81.000    26.562  1
    27.000    81.000    33.000  1
    27.634    81.000    39.438  1
    29.512    81.000    45.629  1
    32.562    81.000    54.000  1
    93.000     0.000    33.000  0
    93.000    81.000    33.000  1
    92.366     0.000    26.562  0
    92.366    81.000    26.562  1
    90.488     0.000    20.371  0
    90.488    81.000    20.371  1
    87.438     0.000    14.666  0
    87.438    81.000    14.666  1
    83.335     0.000     9.665  0
    83.335    81.000     9.665  1
    78.334     0.000     5.562  0
    78.334    81.000     5.562  1
    72.629     0.000     2.512  0
    72.629    81.000     2.512  1
    66.438     0.000     0.634  0
    66.438    81.000     0.634  1
    60.000     0.000     0.000  0
    60.000    81.000     0.000  1
    53.562     0.000     0.634  0
    53.562    81.000     0.634  1
    47.371     0.000     2.512  0
    47.371    81.000     2.512  1
    41.666     0.000     5.562  0
    41.666    81.000     5.562  1
    36.665     0.000     9.665  0
    36.665    81.000     9.665  1
    32.562     0.000    14.666  0
    32.562    81.000    14.666  1
    29.512     0.000    20.371  0
    29.512    81.000    20.371  1
    27.634     0.000    26.562  0
    27.634    81.000    26.562  1
    27.000     0.000    33.000  0
    27.000    81.000    33.000  1
    27.634     0.000    39.438  0
    27.634    81.000    39.438  1
    29.512     0.000    45.629  0
    29.512    81.000    45.629  1
    32.562     0.000    54.000  0
    32.562    81.000    54.000  1
    54.838    15.000    65.594  0
    54.838    15.000   102.000  1
    54.838    21.000   102.000  1
     0.000    21.000   102.000  1
     0.000     0.000   102.000  1
    54.838     0.000   102.000  1
    54.838    81.000    65.594  0
    54.838    81.000    75.000  1
    54.838    21.000    75.000  1
    54.838    21.000   102.000  1
     0.000     0.000   102.000  0
     0.000     0.000    54.000  1
     0.000    63.000    54.000  1
     0.000    63.000    75.000  1
     0.000    21.000    75.000  1
     0.000    21.000   102.000  1
     0.000    21.000    75.000  0
    54.838    21.000    75.000  1
     0.000     0.000    54.000  0
    32.562     0.000    54.000  1
    54.838    81.000    75.000  0
    18.000    81.000    75.000  1
    18.000    81.000    54.000  1
    32.562    81.000    54.000  1
    18.000    70.500    54.000  0
    20.870    69.929    54.000  1
    23.303    68.303    54.000  1
    24.929    65.870    54.000  1
    25.500    63.000    54.000  1
    24.929    60.130    54.000  1
    23.303    57.697    54.000  1
    20.870    56.071    54.000  1
    18.000    55.500    54.000  1
    15.130    56.071    54.000  1
    12.697    57.697    54.000  1
    11.071    60.130    54.000  1
    10.500    63.000    54.000  1
    11.071    65.870    54.000  1
    12.697    68.303    54.000  1
    15.130    69.929    54.000  1
    18.000    70.500    54.000  1
    18.000    70.500    75.000  0
    20.870    69.929    75.000  1
    23.303    68.303    75.000  1
    24.929    65.870    75.000  1
    25.500    63.000    75.000  1
    24.929    60.130    75.000  1
    23.303    57.697    75.000  1
    20.870    56.071    75.000  1
    18.000    55.500    75.000  1
    15.130    56.071    75.000  1
    12.697    57.697    75.000  1
    11.071    60.130    75.000  1
    10.500    63.000    75.000  1
    11.071    65.870    75.000  1
    12.697    68.303    75.000  1
    15.130    69.929    75.000  1
    18.000    70.500    75.000  1
    18.000    70.500    54.000  0
    18.000    70.500    75.000  1
    23.303    68.303    54.000  0
    23.303    68.303    75.000  1
    25.500    63.000    54.000  0
    25.500    63.000    75.000  1
    23.303    57.697    54.000  0
    23.303    57.697    75.000  1
    18.000    55.500    54.000  0
    18.000    55.500    75.000  1
    12.697    57.697    54.000  0
    12.697    57.697    75.000  1
    10.500    63.000    54.000  0
    10.500    63.000    75.000  1
    12.697    68.303    54.000  0
    12.697    68.303    75.000  1
    18.000    70.500    54.000  0
    18.000    70.500    75.000  1
     0.000    63.000    54.000  0
     1.370    69.888    54.000  1
     5.272    75.728    54.000  1
    11.112    79.630    54.000  1
    18.000    81.000    54.000  1
     0.000    63.000    75.000  0
     1.370    69.888    75.000  1
     5.272    75.728    75.000  1
    11.112    79.630    75.000  1
    18.000    81.000    75.000  1
     0.000    63.000    54.000  0
     0.000    63.000    75.000  1
     1.370    69.888    54.000  0
     1.370    69.888    75.000  1
     5.272    75.728    54.000  0
     5.272    75.728    75.000  1
    11.112    79.630    54.000  0
    11.112    79.630    75.000  1
    18.000    81.000    54.000  0
    18.000    81.000    75.000  1
    54.000     0.000   102.000  0
    57.500     0.000    99.952  1
    65.657     0.000    94.502  1
    73.033     0.000    88.033  1
    79.502     0.000    80.657  1
    84.952     0.000    72.500  1
    89.291     0.000    63.701  1
    92.444     0.000    54.411  1
    94.358     0.000    44.789  1
    54.000    15.000   102.000  0
    57.500    15.000    99.952  1
    65.657    15.000    94.502  1
    73.033    15.000    88.033  1
    79.502    15.000    80.657  1
    84.952    15.000    72.500  1
    89.291    15.000    63.701  1
    92.444    15.000    54.411  1
    94.358    15.000    44.789  1
    57.500     0.000    99.952  0
    57.500    15.000    99.952  1
    65.657     0.000    94.502  0
    65.657    15.000    94.502  1
    73.033     0.000    88.033  0
    73.033    15.000    88.033  1
    79.502     0.000    80.657  0
    79.502    15.000    80.657  1
    84.952     0.000    72.500  0
    84.952    15.000    72.500  1
    89.291     0.000    63.701  0
    89.291    15.000    63.701  1
    92.444     0.000    54.411  0
    92.444    15.000    54.411  1
    94.358     0.000    44.789  0
    94.358    15.000    44.789  1
    94.358     0.000    44.789  0
    93.000     0.000    33.000  1
    94.358    15.000    44.789  0
    93.000    15.000    33.000  1