     0.000     0.000     0.000  0
    17.000     0.000     0.000  1
    17.000     0.000    12.000  1
    73.000     0.000    12.000  1
    73.000     0.000     0.000  1
    90.000     0.000     0.000  1
    90.000     0.000    10.000  1
    90.000     0.000    10.000  1
    73.000     0.000    70.000  1
    17.000     0.000    70.000  1
     0.000     0.000    10.000  1
     0.000     0.000     0.000  1
     0.000    50.000     0.000  0
    17.000    50.000     0.000  1
    17.000    50.000    12.000  1
    73.000    50.000    12.000  1
    73.000    50.000     0.000  1
    90.000    50.000     0.000  1
    90.000    50.000    10.000  1
    90.000    50.000    10.000  1
    73.000    50.000    70.000  1
    17.000    50.000    70.000  1
     0.000    50.000    10.000  1
     0.000    50.000     0.000  1
     0.000    00.000     0.000  0
     0.000    50.000     0.000  1
    17.000     0.000     0.000  0
    17.000    50.000     0.000  1
    17.000     0.000    12.000  0
    17.000    50.000    12.000  1
    73.000     0.000    12.000  0
    73.000    50.000    12.000  1
    73.000     0.000     0.000  0
    73.000    50.000     0.000  1
    90.000     0.000     0.000  0
    90.000    50.000     0.000  1
    90.000     0.000    10.000  0
    90.000    50.000    10.000  1
    90.000     0.000    10.000  0
    90.000    50.000    10.000  1
    73.000     0.000    70.000  0
    73.000    50.000    70.000  1
    17.000     0.000    70.000  0
    17.000    50.000    70.000  1
     0.000     0.000    10.000  0
     0.000    50.000    10.000  1
     0.000     0.000     0.000  0
     0.000    50.000     0.000  1
    87.333    10.000    20.000  0
    87.333    40.000    20.000  1
    76.116    40.000    59.000  1
    76.116    10.000    59.000  1
    87.333    10.000    20.000  1
     2.667    10.000    20.000  0
     2.667    40.000    20.000  1
    13.884    40.000    59.000  1
    13.884    10.000    59.000  1
     2.667    10.000    20.000  1
     2.667    10.000    20.000  0
    87.333    10.000    20.000  1
     2.667    40.000    20.000  0
    87.333    40.000    20.000  1
    13.884    40.000    59.000  0
    76.116    40.000    59.000  1
    13.884    10.000    59.000  0
    76.116    10.000    59.000  1
    63.478    17.346    70.000  0
    61.629    13.889    70.000  1
    59.142    10.858    70.000  1
    56.111     8.371    70.000  1
    52.654     6.522    70.000  1
    48.902     5.384    70.000  1
    45.000     5.000    70.000  1
    41.098     5.384    70.000  1
    37.346     6.522    70.000  1
    33.889     8.371    70.000  1
    30.858    10.858    70.000  1
    28.371    13.889    70.000  1
    26.522    17.346    70.000  1
    63.478    17.346    85.000  0
    61.629    13.889    85.000  1
    59.142    10.858    85.000  1
    56.111     8.371    85.000  1
    52.654     6.522    85.000  1
    48.902     5.384    85.000  1
    45.000     5.000    85.000  1
    41.098     5.384    85.000  1
    37.346     6.522    85.000  1
    33.889     8.371    85.000  1
    30.858    10.858    85.000  1
    28.371    13.889    85.000  1
    26.522    17.346    85.000  1
    63.478    17.346    70.000  0
    63.478    17.346    85.000  1
    61.629    13.889    70.000  0
    61.629    13.889    85.000  1
    59.142    10.858    70.000  0
    59.142    10.858    85.000  1
    56.111     8.371    70.000  0
    56.111     8.371    85.000  1
    52.654     6.522    70.000  0
    52.654     6.522    85.000  1
    48.902     5.384    70.000  0
    48.902     5.384    85.000  1
    45.000     5.000    70.000  0
    45.000     5.000    85.000  1
    41.098     5.384    70.000  0
    41.098     5.384    85.000  1
    37.346     6.522    70.000  0
    37.346     6.522    85.000  1
    33.889     8.371    70.000  0
    33.889     8.371    85.000  1
    30.858    10.858    70.000  0
    30.858    10.858    85.000  1
    28.371    13.889    70.000  0
    28.371    13.889    85.000  1
    26.522    17.346    70.000  0
    26.522    17.346    85.000  1
    26.522    32.654    70.000  0
    28.371    36.111    70.000  1
    30.858    39.142    70.000  1
    33.889    41.629    70.000  1
    37.346    43.478    70.000  1
    41.098    44.616    70.000  1
    45.000    45.000    70.000  1
    48.902    44.616    70.000  1
    52.654    43.478    70.000  1
    56.111    41.629    70.000  1
    59.142    39.142    70.000  1
    61.629    36.111    70.000  1
    63.478    32.654    70.000  1
    26.522    32.654    85.000  0
    28.371    36.111    85.000  1
    30.858    39.142    85.000  1
    33.889    41.629    85.000  1
    37.346    43.478    85.000  1
    41.098    44.616    85.000  1
    45.000    45.000    85.000  1
    48.902    44.616    85.000  1
    52.654    43.478    85.000  1
    56.111    41.629    85.000  1
    59.142    39.142    85.000  1
    61.629    36.111    85.000  1
    63.478    32.654    85.000  1
    26.522    32.654    70.000  0
    26.522    32.654    85.000  1
    28.371    36.111    70.000  0
    28.371    36.111    85.000  1
    30.858    39.142    70.000  0
    30.858    39.142    85.000  1
    33.889    41.629    70.000  0
    33.889    41.629    85.000  1
    37.346    43.478    70.000  0
    37.346    43.478    85.000  1
    41.098    44.616    70.000  0
    41.098    44.616    85.000  1
    45.000    45.000    70.000  0
    45.000    45.000    85.000  1
    48.902    44.616    70.000  0
    48.902    44.616    85.000  1
    52.654    43.478    70.000  0
    52.654    43.478    85.000  1
    56.111    41.629    70.000  0
    56.111    41.629    85.000  1
    59.142    39.142    70.000  0
    59.142    39.142    85.000  1
    61.629    36.111    70.000  0
    61.629    36.111    85.000  1
    63.478    32.654    70.000  0
    63.478    32.654    85.000  1
    26.522    17.346    70.000  0
    25.384    21.098    70.000  1
    25.000    25.000    70.000  1
    25.384    28.902    70.000  1
    26.522    32.654    70.000  1
    26.522    17.346   100.000  0
    25.384    21.098   100.000  1
    25.000    25.000   100.000  1
    25.384    28.902   100.000  1
    26.522    32.654   100.000  1
    26.522    17.346    70.000  0
    26.522    17.346   100.000  1
    26.522    32.654    70.000  0
    26.522    32.654   100.000  1
    63.478    32.654    70.000  0
    64.616    28.902    70.000  1
    65.000    25.000    70.000  1
    64.616    21.098    70.000  1
    63.478    17.346    70.000  1
    63.478    32.654   100.000  0
    64.616    28.902   100.000  1
    65.000    25.000   100.000  1
    64.616    21.098   100.000  1
    63.478    17.346   100.000  1
    63.478    32.654    70.000  0
    63.478    32.654   100.000  1
    63.478    17.346    70.000  0
    63.478    17.346   100.000  1
    63.478    32.654    85.000  0
    26.522    32.654    85.000  1
    63.478    32.654   100.000  0
    26.522    32.654   100.000  1
    63.478    17.346    85.000  0
    26.522    17.346    85.000  1
    63.478    17.346   100.000  0
    26.522    17.346   100.000  1