

    0.000     0.000     0.000  0
     96.000     0.000     0.000  1
     96.000    39.000     0.000  1
75.000    39.000     0.000  1
     75.000    18.000     0.000  1
      0.000    18.000     0.000  1
      0.000     0.000     0.000  1
     96.000     0.000     0.000  0
     96.000     0.000    42.000  1
96.000    39.000    42.000  1
75.000    39.000    42.000  1
75.000    18.000    42.000  1
93.000    18.000    42.000  1
93.000    0.000     42.000  1
96.000    0.000     42.000  1
     75.000    18.000    42.000  0
     75.000    18.000     0.000  1
     75.000    39.000    42.000  0
     75.000    43.097    41.596  1
     75.000    47.036    40.401  1
     75.000    50.667    38.461  1
     75.000    53.849    35.849  1
     75.000    56.461    32.667  1
     75.000    58.401    29.036  1
     75.000    59.596    25.097  1
     75.000    60.000    21.000  1
     75.000    59.596    16.903  1
     75.000    58.401    12.964  1
     75.000    56.461     9.333  1
     75.000    53.849     6.151  1
     75.000    50.667     3.539  1
     75.000    47.036     1.599  1
     75.000    43.097     0.404  1
     75.000    39.000     0.000  1
     96.000    39.000    42.000  0
     96.000    43.097    41.596  1
     96.000    47.036    40.401  1
     96.000    50.667    38.461  1
     96.000    53.849    35.849  1
     96.000    56.461    32.667  1
     96.000    58.401    29.036  1
     96.000    59.596    25.097  1
     96.000    60.000    21.000  1
     96.000    59.596    16.903  1
     96.000    58.401    12.964  1
     96.000    56.461     9.333  1
     96.000    53.849     6.151  1
     96.000    50.667     3.539  1
     96.000    47.036     1.599  1
     96.000    43.097     0.404  1
     96.000    39.000     0.000  1
     75.000    39.000    42.000  0
     96.000    39.000    42.000  1
     75.000    47.036    40.401  0
     96.000    47.036    40.401  1
     75.000    53.849    35.849  0
     96.000    53.849    35.849  1
     75.000    58.401    29.036  0
     96.000    58.401    29.036  1
     75.000    60.000    21.000  0
     96.000    60.000    21.000  1
     75.000    58.401    12.964  0
     96.000    58.401    12.964  1
     75.000    53.849     6.151  0
     96.000    53.849     6.151  1
     75.000    47.036     1.599  0
     96.000    47.036     1.599  1
     75.000    39.000     0.000  0
     96.000    39.000     0.000  1
     75.000    39.000    33.000  0
     75.000    43.592    32.087  1
     75.000    47.485    29.485  1
     75.000    50.087    25.592  1
     75.000    51.000    21.000  1
     75.000    50.087    16.408  1
     75.000    47.485    12.515  1
     75.000    43.592     9.913  1
     75.000    39.000     9.000  1
     75.000    34.408     9.913  1
     75.000    30.515    12.515  1
     75.000    27.913    16.408  1
     75.000    27.000    21.000  1
     75.000    27.913    25.592  1
     75.000    30.515    29.485  1
     75.000    34.408    32.087  1
     75.000    39.000    33.000  1
     96.000    39.000    33.000  0
     96.000    43.592    32.087  1
     96.000    47.485    29.485  1
     96.000    50.087    25.592  1
     96.000    51.000    21.000  1
     96.000    50.087    16.408  1
     96.000    47.485    12.515  1
     96.000    43.592     9.913  1
     96.000    39.000     9.000  1
     96.000    34.408     9.913  1
     96.000    30.515    12.515  1
     96.000    27.913    16.408  1
     96.000    27.000    21.000  1
     96.000    27.913    25.592  1
     96.000    30.515    29.485  1
     96.000    34.408    32.087  1
     96.000    39.000    33.000  1
     75.000    39.000    33.000  0
     96.000    39.000    33.000  1
     75.000    45.000    31.392  0
     96.000    45.000    31.392  1
     75.000    49.392    27.000  0
     96.000    49.392    27.000  1
     75.000    51.000    21.000  0
     96.000    51.000    21.000  1
     75.000    49.392    15.000  0
     96.000    49.392    15.000  1
     75.000    45.000    10.608  0
     96.000    45.000    10.608  1
     75.000    39.000     9.000  0
     96.000    39.000     9.000  1
     75.000    33.000    10.608  0
     96.000    33.000    10.608  1
     75.000    28.608    15.000  0
     96.000    28.608    15.000  1
     75.000    27.000    21.000  0
     96.000    27.000    21.000  1
     75.000    28.608    27.000  0
     96.000    28.608    27.000  1
     75.000    33.000    31.392  0
     96.000    33.000    31.392  1
      0.000    -6.000     0.000  0
     -9.364    -6.000     0.922  1
    -18.369    -6.000     3.654  1
    -26.667    -6.000     8.089  1
    -33.941    -6.000    14.059  1
    -39.911    -6.000    21.333  1
    -44.346    -6.000    29.631  1
    -47.078    -6.000    38.636  1
    -48.000    -6.000    48.000  1
    -47.078    -6.000    57.364  1
    -44.346    -6.000    66.369  1
    -39.911    -6.000    74.667  1
    -33.941    -6.000    81.941  1
    -26.667    -6.000    87.911  1
    -18.369    -6.000    92.346  1
     -9.364    -6.000    95.078  1
      0.000    -6.000    96.000  1
      9.364    -6.000    95.078  1
     18.369    -6.000    92.346  1
     26.667    -6.000    87.911  1
     33.941    -6.000    81.941  1
      0.000    24.000     0.000  0
     -9.364    24.000     0.922  1
    -18.369    24.000     3.654  1
    -26.667    24.000     8.089  1
    -33.941    24.000    14.059  1
    -39.911    24.000    21.333  1
    -44.346    24.000    29.631  1
    -47.078    24.000    38.636  1
    -48.000    24.000    48.000  1
    -47.078    24.000    57.364  1
    -44.346    24.000    66.369  1
    -39.911    24.000    74.667  1
    -33.941    24.000    81.941  1
    -26.667    24.000    87.911  1
    -18.369    24.000    92.346  1
     -9.364    24.000    95.078  1
      0.000    24.000    96.000  1
      9.364    24.000    95.078  1
     18.369    24.000    92.346  1
     26.667    24.000    87.911  1
     33.941    24.000    81.941  1
      0.000    -6.000     0.000  0
      0.000    24.000     0.000  1
     -9.364    -6.000     0.922  0
     -9.364    24.000     0.922  1
    -18.369    -6.000     3.654  0
    -18.369    24.000     3.654  1
    -26.667    -6.000     8.089  0
    -26.667    24.000     8.089  1
    -33.941    -6.000    14.059  0
    -33.941    24.000    14.059  1
    -39.911    -6.000    21.333  0
    -39.911    24.000    21.333  1
    -44.346    -6.000    29.631  0
    -44.346    24.000    29.631  1
    -47.078    -6.000    38.636  0
    -47.078    24.000    38.636  1
    -48.000    -6.000    48.000  0
    -48.000    24.000    48.000  1
    -47.078    -6.000    57.364  0
    -47.078    24.000    57.364  1
    -44.346    -6.000    66.369  0
    -44.346    24.000    66.369  1
    -39.911    -6.000    74.667  0
    -39.911    24.000    74.667  1
    -33.941    -6.000    81.941  0
    -33.941    24.000    81.941  1
    -26.667    -6.000    87.911  0
    -26.667    24.000    87.911  1
    -18.369    -6.000    92.346  0
    -18.369    24.000    92.346  1
     -9.364    -6.000    95.078  0
     -9.364    24.000    95.078  1
      0.000    -6.000    96.000  0
      0.000    24.000    96.000  1
      9.364    -6.000    95.078  0
      9.364    24.000    95.078  1
     18.369    -6.000    92.346  0
     18.369    24.000    92.346  1
     26.667    -6.000    87.911  0
     26.667    24.000    87.911  1
     33.941    -6.000    81.941  0
     33.941    24.000    81.941  1
     33.941     0.000    81.941  0
     93.000     0.000    42.000  1
     33.941    18.000    81.941  0
     93.000    18.000    42.000  1
     33.941    -6.000    81.941  0
     41.569    -6.000    72.000  1
     46.364    -6.000    60.423  1
     48.000    -6.000    48.000  1
     46.364    -6.000    35.577  1
     41.569    -6.000    24.000  1
     33.941    -6.000    14.059  1
     24.000    -6.000     6.431  1
     12.423    -6.000     1.636  1
      0.000    -6.000     0.000  1
     33.941     0.000    81.941  0
     41.569     0.000    72.000  1
     46.364     0.000    60.423  1
     48.000     0.000    48.000  1
     46.364     0.000    35.577  1
     41.569     0.000    24.000  1
     33.941     0.000    14.059  1
     24.000     0.000     6.431  1
     12.423     0.000     1.636  1
      0.000     0.000     0.000  1
     33.941    18.000    81.941  0
     41.569    18.000    72.000  1
     46.364    18.000    60.423  1
     48.000    18.000    48.000  1
     46.364    18.000    35.577  1
     41.569    18.000    24.000  1
     33.941    18.000    14.059  1
     24.000    18.000     6.431  1
     12.423    18.000     1.636  1
      0.000    18.000     0.000  1
     33.941    24.000    81.941  0
     41.569    24.000    72.000  1
     46.364    24.000    60.423  1
     48.000    24.000    48.000  1
     46.364    24.000    35.577  1
     41.569    24.000    24.000  1
     33.941    24.000    14.059  1
     24.000    24.000     6.431  1
     12.423    24.000     1.636  1
      0.000    24.000     0.000  1
     12.423    18.000     1.636  0
     12.423    24.000     1.636  1
      0.000    18.000     0.000  0
      0.000    24.000     0.000  1
      0.000    -6.000    81.000  0
      6.438    -6.000    80.366  1
     12.629    -6.000    78.488  1
     18.334    -6.000    75.438  1
     23.335    -6.000    71.335  1
     27.438    -6.000    66.334  1
     30.488    -6.000    60.629  1
     32.366    -6.000    54.438  1
     33.000    -6.000    48.000  1
     32.366    -6.000    41.562  1
     30.488    -6.000    35.371  1
     27.438    -6.000    29.666  1
     23.335    -6.000    24.665  1
     18.334    -6.000    20.562  1
     12.629    -6.000    17.512  1
      6.438    -6.000    15.634  1
      0.000    -6.000    15.000  1
     -6.438    -6.000    15.634  1
    -12.629    -6.000    17.512  1
    -18.334    -6.000    20.562  1
    -23.335    -6.000    24.665  1
    -27.438    -6.000    29.666  1
    -30.488    -6.000    35.371  1
    -32.366    -6.000    41.562  1
    -33.000    -6.000    48.000  1
    -32.366    -6.000    54.438  1
    -30.488    -6.000    60.629  1
    -27.438    -6.000    66.334  1
    -23.335    -6.000    71.335  1
    -18.334    -6.000    75.438  1
    -12.629    -6.000    78.488  1
     -6.438    -6.000    80.366  1
      0.000    -6.000    81.000  1
      0.000    24.000    81.000  0
      6.438    24.000    80.366  1
     12.629    24.000    78.488  1
     18.334    24.000    75.438  1
     23.335    24.000    71.335  1
     27.438    24.000    66.334  1
     30.488    24.000    60.629  1
     32.366    24.000    54.438  1
     33.000    24.000    48.000  1
     32.366    24.000    41.562  1
     30.488    24.000    35.371  1
     27.438    24.000    29.666  1
     23.335    24.000    24.665  1
     18.334    24.000    20.562  1
     12.629    24.000    17.512  1
      6.438    24.000    15.634  1
      0.000    24.000    15.000  1
     -6.438    24.000    15.634  1
    -12.629    24.000    17.512  1
    -18.334    24.000    20.562  1
-23.335    24.000    24.665  1
-27.438    24.000    29.666  1
-30.488    24.000    35.371  1
-32.366    24.000    41.562  1
-33.000    24.000    48.000  1
-32.366    24.000    54.438  1
-30.488    24.000    60.629  1
-27.438    24.000    66.334  1
-23.335    24.000    71.335  1
-18.334    24.000    75.438  1
-12.629    24.000    78.488  1
-6.438    24.000    80.366  1
0.000    24.000    81.000  1
0.000    24.000    81.000  1

