     0.000     0.000     0.000  0
   141.055     0.000     0.000  1
   141.055    57.304     0.000  1
   110.200    57.304     0.000  1
   110.200    26.448     0.000  1
     0.000    26.448     0.000  1
     0.000     0.000     0.000  1
   141.055     0.000     0.000  0
   141.055     0.000    61.712  1
   141.055    57.304    61.712  1
   110.200    57.304    61.712  1
   110.200    26.448    61.712  1
   136.648    26.448    61.712  1
   136.648     0.000    61.712  1
   141.055     0.000    61.712  1
   110.200    26.448    61.712  0
   110.200    26.448     0.000  1
   110.200    57.304    61.712  0
   110.200    63.324    61.118  1
   110.200    69.111    59.362  1
   110.200    74.446    56.512  1
   110.200    79.122    52.674  1
   110.200    82.960    47.999  1
   110.200    85.810    42.663  1
   110.200    87.566    36.876  1
   110.200    88.160    30.856  1
   110.200    87.566    24.836  1
   110.200    85.810    19.048  1
   110.200    82.960    13.713  1
   110.200    79.122     9.038  1
   110.200    74.446     5.200  1
   110.200    69.111     2.349  1
   110.200    63.324     0.594  1
   110.200    57.304     0.000  1
   141.055    57.304    61.712  0
   141.055    63.324    61.118  1
   141.055    69.111    59.362  1
   141.055    74.446    56.512  1
   141.055    79.122    52.674  1
   141.055    82.960    47.999  1
   141.055    85.810    42.663  1
   141.055    87.566    36.876  1
   141.055    88.160    30.856  1
   141.055    87.566    24.836  1
   141.055    85.810    19.048  1
   141.055    82.960    13.713  1
   141.055    79.122     9.038  1
   141.055    74.446     5.200  1
   141.055    69.111     2.349  1
   141.055    63.324     0.594  1
   141.055    57.304     0.000  1
   110.200    57.304    61.712  0
   141.055    57.304    61.712  1
   110.200    69.111    59.362  0
   141.055    69.111    59.362  1
   110.200    79.122    52.674  0
   141.055    79.122    52.674  1
   110.200    85.810    42.663  0
   141.055    85.810    42.663  1
   110.200    88.160    30.856  0
   141.055    88.160    30.856  1
   110.200    85.810    19.048  0
   141.055    85.810    19.048  1
   110.200    79.122     9.038  0
   141.055    79.122     9.038  1
   110.200    69.111     2.349  0
   141.055    69.111     2.349  1
   110.200    57.304     0.000  0
   141.055    57.304     0.000  1
   110.200    57.304    48.488  0
   110.200    64.051    47.146  1
   110.200    69.771    43.323  1
   110.200    73.594    37.603  1
   110.200    74.936    30.856  1
   110.200    73.594    24.109  1
   110.200    69.771    18.389  1
   110.200    64.051    14.565  1
   110.200    57.304    13.224  1
   110.200    50.557    14.565  1
   110.200    44.837    18.389  1
   110.200    41.013    24.109  1
   110.200    39.672    30.856  1
   110.200    41.013    37.603  1
   110.200    44.837    43.323  1
   110.200    50.557    47.146  1
   110.200    57.304    48.488  1
   141.055    57.304    48.488  0
   141.055    64.051    47.146  1
   141.055    69.771    43.323  1
   141.055    73.594    37.603  1
   141.055    74.936    30.856  1
   141.055    73.594    24.109  1
   141.055    69.771    18.389  1
   141.055    64.051    14.565  1
   141.055    57.304    13.224  1
   141.055    50.557    14.565  1
   141.055    44.837    18.389  1
   141.055    41.013    24.109  1
   141.055    39.672    30.856  1
   141.055    41.013    37.603  1
   141.055    44.837    43.323  1
   141.055    50.557    47.146  1
   141.055    57.304    48.488  1
   110.200    57.304    48.488  0
   141.055    57.304    48.488  1
   110.200    66.120    46.125  0
   141.055    66.120    46.125  1
   110.200    72.573    39.672  0
   141.055    72.573    39.672  1
   110.200    74.936    30.856  0
   141.055    74.936    30.856  1
   110.200    72.573    22.040  0
   141.055    72.573    22.040  1
   110.200    66.120    15.587  0
   141.055    66.120    15.587  1
   110.200    57.304    13.224  0
   141.055    57.304    13.224  1
   110.200    48.488    15.587  0
   141.055    48.488    15.587  1
   110.200    42.035    22.040  0
   141.055    42.035    22.040  1
   110.200    39.672    30.856  0
   141.055    39.672    30.856  1
   110.200    42.035    39.672  0
   141.055    42.035    39.672  1
   110.200    48.488    46.125  0
   141.055    48.488    46.125  1
     0.000    -8.816     0.000  0
   -13.759    -8.816     1.355  1
   -26.990    -8.816     5.369  1
   -39.183    -8.816    11.885  1
   -49.870    -8.816    20.657  1
   -58.642    -8.816    31.345  1
   -65.159    -8.816    43.538  1
   -69.173    -8.816    56.769  1
   -70.528    -8.816    70.528  1
   -69.173    -8.816    84.287  1
   -65.159    -8.816    97.518  1
   -58.642    -8.816   109.710  1
   -49.870    -8.816   120.398  1
   -39.183    -8.816   129.170  1
   -26.990    -8.816   135.687  1
   -13.759    -8.816   139.701  1
     0.000    -8.816   141.055  1
    13.759    -8.816   139.701  1
    26.990    -8.816   135.687  1
    39.183    -8.816   129.170  1
    49.870    -8.816   120.398  1
     0.000    35.264     0.000  0
   -13.759    35.264     1.355  1
   -26.990    35.264     5.369  1
   -39.183    35.264    11.885  1
   -49.870    35.264    20.657  1
   -58.642    35.264    31.345  1
   -65.159    35.264    43.538  1
   -69.173    35.264    56.769  1
   -70.528    35.264    70.528  1
   -69.173    35.264    84.287  1
   -65.159    35.264    97.518  1
   -58.642    35.264   109.710  1
   -49.870    35.264   120.398  1
   -39.183    35.264   129.170  1
   -26.990    35.264   135.687  1
   -13.759    35.264   139.701  1
     0.000    35.264   141.055  1
    13.759    35.264   139.701  1
    26.990    35.264   135.687  1
    39.183    35.264   129.170  1
    49.870    35.264   120.398  1
     0.000    -8.816     0.000  0
     0.000    35.264     0.000  1
   -13.759    -8.816     1.355  0
   -13.759    35.264     1.355  1
   -26.990    -8.816     5.369  0
   -26.990    35.264     5.369  1
   -39.183    -8.816    11.885  0
   -39.183    35.264    11.885  1
   -49.870    -8.816    20.657  0
   -49.870    35.264    20.657  1
   -58.642    -8.816    31.345  0
   -58.642    35.264    31.345  1
   -65.159    -8.816    43.538  0
   -65.159    35.264    43.538  1
   -69.173    -8.816    56.769  0
   -69.173    35.264    56.769  1
   -70.528    -8.816    70.528  0
   -70.528    35.264    70.528  1
   -69.173    -8.816    84.287  0
   -69.173    35.264    84.287  1
   -65.159    -8.816    97.518  0
   -65.159    35.264    97.518  1
   -58.642    -8.816   109.710  0
   -58.642    35.264   109.710  1
   -49.870    -8.816   120.398  0
   -49.870    35.264   120.398  1
   -39.183    -8.816   129.170  0
   -39.183    35.264   129.170  1
   -26.990    -8.816   135.687  0
   -26.990    35.264   135.687  1
   -13.759    -8.816   139.701  0
   -13.759    35.264   139.701  1
     0.000    -8.816   141.055  0
     0.000    35.264   141.055  1
    13.759    -8.816   139.701  0
    13.759    35.264   139.701  1
    26.990    -8.816   135.687  0
    26.990    35.264   135.687  1
    39.183    -8.816   129.170  0
    39.183    35.264   129.170  1
    49.870    -8.816   120.398  0
    49.870    35.264   120.398  1
    49.870     0.000   120.398  0
   136.648     0.000    61.712  1
    49.870    26.448   120.398  0
   136.648    26.448    61.712  1
    49.870    -8.816   120.398  0
    61.078    -8.816   105.792  1
    68.124    -8.816    88.781  1
    70.528    -8.816    70.528  1
    68.124    -8.816    52.274  1
    61.078    -8.816    35.264  1
    49.870    -8.816    20.657  1
    35.264    -8.816     9.449  1
    18.253    -8.816     2.404  1
     0.000    -8.816     0.000  1
    49.870     0.000   120.398  0
    61.078     0.000   105.792  1
    68.124     0.000    88.781  1
    70.528     0.000    70.528  1
    68.124     0.000    52.274  1
    61.078     0.000    35.264  1
    49.870     0.000    20.657  1
    35.264     0.000     9.449  1
    18.253     0.000     2.404  1
     0.000     0.000     0.000  1
    49.870    26.448   120.398  0
    61.078    26.448   105.792  1
    68.124    26.448    88.781  1
    70.528    26.448    70.528  1
    68.124    26.448    52.274  1
    61.078    26.448    35.264  1
    49.870    26.448    20.657  1
    35.264    26.448     9.449  1
    18.253    26.448     2.404  1
     0.000    26.448     0.000  1
    49.870    35.264   120.398  0
    61.078    35.264   105.792  1
    68.124    35.264    88.781  1
    70.528    35.264    70.528  1
    68.124    35.264    52.274  1
    61.078    35.264    35.264  1
    49.870    35.264    20.657  1
    35.264    35.264     9.449  1
    18.253    35.264     2.404  1
     0.000    35.264     0.000  1
    18.253    26.448     2.404  0
    18.253    35.264     2.404  1
     0.000    26.448     0.000  0
     0.000    35.264     0.000  1
     0.000    -8.816   119.016  0
     9.460    -8.816   118.084  1
    18.556    -8.816   115.325  1
    26.939    -8.816   110.843  1
    34.287    -8.816   104.815  1
    40.315    -8.816    97.466  1
    44.797    -8.816    89.084  1
    47.556    -8.816    79.987  1
    48.488    -8.816    70.528  1
    47.556    -8.816    61.068  1
    44.797    -8.816    51.972  1
    40.315    -8.816    43.589  1
    34.287    -8.816    36.241  1
    26.939    -8.816    30.212  1
    18.556    -8.816    25.731  1
     9.460    -8.816    22.971  1
     0.000    -8.816    22.040  1
    -9.460    -8.816    22.971  1
   -18.556    -8.816    25.731  1
   -26.939    -8.816    30.212  1
   -34.287    -8.816    36.241  1
   -40.315    -8.816    43.589  1
   -44.797    -8.816    51.972  1
   -47.556    -8.816    61.068  1
   -48.488    -8.816    70.528  1
   -47.556    -8.816    79.987  1
   -44.797    -8.816    89.084  1
   -40.315    -8.816    97.466  1
   -34.287    -8.816   104.815  1
   -26.939    -8.816   110.843  1
   -18.556    -8.816   115.325  1
    -9.460    -8.816   118.084  1
     0.000    -8.816   119.016  1
     0.000    35.264   119.016  0
     9.460    35.264   118.084  1
    18.556    35.264   115.325  1
    26.939    35.264   110.843  1
    34.287    35.264   104.815  1
    40.315    35.264    97.466  1
    44.797    35.264    89.084  1
    47.556    35.264    79.987  1
    48.488    35.264    70.528  1
    47.556    35.264    61.068  1
    44.797    35.264    51.972  1
    40.315    35.264    43.589  1
    34.287    35.264    36.241  1
    26.939    35.264    30.212  1
    18.556    35.264    25.731  1
     9.460    35.264    22.971  1
     0.000    35.264    22.040  1
    -9.460    35.264    22.971  1
   -18.556    35.264    25.731  1
   -26.939    35.264    30.212  1
   -34.287    35.264    36.241  1
   -40.315    35.264    43.589  1
   -44.797    35.264    51.972  1
   -47.556    35.264    61.068  1
   -48.488    35.264    70.528  1
   -47.556    35.264    79.987  1
   -44.797    35.264    89.084  1
   -40.315    35.264    97.466  1
   -34.287    35.264   104.815  1
   -26.939    35.264   110.843  1
   -18.556    35.264   115.325  1
    -9.460    35.264   118.084  1
     0.000    35.264   119.016  1
     0.000    35.264   119.016  1
     0.000     0.000     0.000  0
