     0.000     0.000     0.000  0
    24.979     0.000     0.000  1
    24.979     0.000    17.632  1
   107.261     0.000    17.632  1
   107.261     0.000     0.000  1
   132.240     0.000     0.000  1
   132.240     0.000    14.693  1
   132.240     0.000    14.693  1
   107.261     0.000   102.853  1
    24.979     0.000   102.853  1
     0.000     0.000    14.693  1
     0.000     0.000     0.000  1
     0.000    73.466     0.000  0
    24.979    73.466     0.000  1
    24.979    73.466    17.632  1
   107.261    73.466    17.632  1
   107.261    73.466     0.000  1
   132.240    73.466     0.000  1
   132.240    73.466    14.693  1
   132.240    73.466    14.693  1
   107.261    73.466   102.853  1
    24.979    73.466   102.853  1
     0.000    73.466    14.693  1
     0.000    73.466     0.000  1
     0.000     0.000     0.000  0
     0.000    73.466     0.000  1
    24.979     0.000     0.000  0
    24.979    73.466     0.000  1
    24.979     0.000    17.632  0
    24.979    73.466    17.632  1
   107.261     0.000    17.632  0
   107.261    73.466    17.632  1
   107.261     0.000     0.000  0
   107.261    73.466     0.000  1
   132.240     0.000     0.000  0
   132.240    73.466     0.000  1
   132.240     0.000    14.693  0
   132.240    73.466    14.693  1
   132.240     0.000    14.693  0
   132.240    73.466    14.693  1
   107.261     0.000   102.853  0
   107.261    73.466   102.853  1
    24.979     0.000   102.853  0
    24.979    73.466   102.853  1
     0.000     0.000    14.693  0
     0.000    73.466    14.693  1
     0.000     0.000     0.000  0
     0.000    73.466     0.000  1
   128.321    14.693    29.387  0
   128.321    58.773    29.387  1
   111.839    58.773    86.690  1
   111.839    14.693    86.690  1
   128.321    14.693    29.387  1
     3.919    14.693    29.387  0
     3.919    58.773    29.387  1
    20.400    58.773    86.690  1
    20.400    14.693    86.690  1
     3.919    14.693    29.387  1
     3.919    14.693    29.387  0
   128.321    14.693    29.387  1
     3.919    58.773    29.387  0
   128.321    58.773    29.387  1
    20.400    58.773    86.690  0
   111.839    58.773    86.690  1
    20.400    14.693    86.690  0
   111.839    14.693    86.690  1
    93.270    25.487   102.853  0
    90.553    20.407   102.853  1
    86.899    15.954   102.853  1
    82.445    12.300   102.853  1
    77.366     9.583   102.853  1
    71.853     7.911   102.853  1
    66.120     7.347   102.853  1
    60.386     7.911   102.853  1
    54.874     9.583   102.853  1
    49.794    12.300   102.853  1
    45.341    15.954   102.853  1
    41.686    20.407   102.853  1
    38.970    25.487   102.853  1
    93.270    25.487   124.893  0
    90.553    20.407   124.893  1
    86.899    15.954   124.893  1
    82.445    12.300   124.893  1
    77.366     9.583   124.893  1
    71.853     7.911   124.893  1
    66.120     7.347   124.893  1
    60.386     7.911   124.893  1
    54.874     9.583   124.893  1
    49.794    12.300   124.893  1
    45.341    15.954   124.893  1
    41.686    20.407   124.893  1
    38.970    25.487   124.893  1
    93.270    25.487   102.853  0
    93.270    25.487   124.893  1
    90.553    20.407   102.853  0
    90.553    20.407   124.893  1
    86.899    15.954   102.853  0
    86.899    15.954   124.893  1
    82.445    12.300   102.853  0
    82.445    12.300   124.893  1
    77.366     9.583   102.853  0
    77.366     9.583   124.893  1
    71.853     7.911   102.853  0
    71.853     7.911   124.893  1
    66.120     7.347   102.853  0
    66.120     7.347   124.893  1
    60.386     7.911   102.853  0
    60.386     7.911   124.893  1
    54.874     9.583   102.853  0
    54.874     9.583   124.893  1
    49.794    12.300   102.853  0
    49.794    12.300   124.893  1
    45.341    15.954   102.853  0
    45.341    15.954   124.893  1
    41.686    20.407   102.853  0
    41.686    20.407   124.893  1
    38.970    25.487   102.853  0
    38.970    25.487   124.893  1
    38.970    47.979   102.853  0
    41.686    53.059   102.853  1
    45.341    57.512   102.853  1
    49.794    61.167   102.853  1
    54.874    63.883   102.853  1
    60.386    65.556   102.853  1
    66.120    66.120   102.853  1
    71.853    65.556   102.853  1
    77.366    63.883   102.853  1
    82.445    61.167   102.853  1
    86.899    57.512   102.853  1
    90.553    53.059   102.853  1
    93.270    47.979   102.853  1
    38.970    47.979   124.893  0
    41.686    53.059   124.893  1
    45.341    57.512   124.893  1
    49.794    61.167   124.893  1
    54.874    63.883   124.893  1
    60.386    65.556   124.893  1
    66.120    66.120   124.893  1
    71.853    65.556   124.893  1
    77.366    63.883   124.893  1
    82.445    61.167   124.893  1
    86.899    57.512   124.893  1
    90.553    53.059   124.893  1
    93.270    47.979   124.893  1
    38.970    47.979   102.853  0
    38.970    47.979   124.893  1
    41.686    53.059   102.853  0
    41.686    53.059   124.893  1
    45.341    57.512   102.853  0
    45.341    57.512   124.893  1
    49.794    61.167   102.853  0
    49.794    61.167   124.893  1
    54.874    63.883   102.853  0
    54.874    63.883   124.893  1
    60.386    65.556   102.853  0
    60.386    65.556   124.893  1
    66.120    66.120   102.853  0
    66.120    66.120   124.893  1
    71.853    65.556   102.853  0
    71.853    65.556   124.893  1
    77.366    63.883   102.853  0
    77.366    63.883   124.893  1
    82.445    61.167   102.853  0
    82.445    61.167   124.893  1
    86.899    57.512   102.853  0
    86.899    57.512   124.893  1
    90.553    53.059   102.853  0
    90.553    53.059   124.893  1
    93.270    47.979   102.853  0
    93.270    47.979   124.893  1
    38.970    25.487   102.853  0
    37.297    31.000   102.853  1
    36.733    36.733   102.853  1
    37.297    42.467   102.853  1
    38.970    47.979   102.853  1
    38.970    25.487   146.933  0
    37.297    31.000   146.933  1
    36.733    36.733   146.933  1
    37.297    42.467   146.933  1
    38.970    47.979   146.933  1
    38.970    25.487   102.853  0
    38.970    25.487   146.933  1
    38.970    47.979   102.853  0
    38.970    47.979   146.933  1
    93.270    47.979   102.853  0
    94.942    42.467   102.853  1
    95.506    36.733   102.853  1
    94.942    31.000   102.853  1
    93.270    25.487   102.853  1
    93.270    47.979   146.933  0
    94.942    42.467   146.933  1
    95.506    36.733   146.933  1
    94.942    31.000   146.933  1
    93.270    25.487   146.933  1
    93.270    47.979   102.853  0
    93.270    47.979   146.933  1
    93.270    25.487   102.853  0
    93.270    25.487   146.933  1
    93.270    47.979   124.893  0
    38.970    47.979   124.893  1
    93.270    47.979   146.933  0
    38.970    47.979   146.933  1
    93.270    25.487   124.893  0
    38.970    25.487   124.893  1
    93.270    25.487   146.933  0
    38.970    25.487   146.933  1
