     0.000     0.000     0.000  0
   102.000     0.000     0.000  1
   102.000    18.000     0.000  1
    21.000    54.000     0.000  1
     0.000    54.000     0.000  1
     0.000    54.000    15.000  1
    21.000    54.000    15.000  1
    21.000    18.000    15.000  1
   102.000    18.000    15.000  1
    21.000    54.000    15.000  1
    21.000    54.000     0.000  1
   102.000    18.000     0.000  0
   102.000    18.000    15.000  1
    21.000    18.000    15.000  0
    21.000    18.000    51.000  1
     0.000    18.000    51.000  1
     0.000    45.000    51.000  1
    21.000    45.000    51.000  1
    21.000    18.000    51.000  1
     0.000    18.000    51.000  0
     0.000    18.000    69.000  1
   -12.000    18.000    69.000  1
   -12.000    18.000    87.000  1
   -12.000     0.000    87.000  1
   -12.000     0.000    69.000  1
   -12.000    18.000    69.000  1
   -12.000     0.000    69.000  0
     0.000     0.000    69.000  1
     0.000    18.000    69.000  1
     0.000     0.000    69.000  0
     0.000     0.000     0.000  1
     0.000     0.000     0.000  0
     0.000    54.000     0.000  1
     0.000    55.000    33.000  0
     0.000    54.239    36.827  1
     0.000    52.071    40.071  1
     0.000    48.827    42.239  1
     0.000    45.000    43.000  1
     0.000    41.173    42.239  1
     0.000    37.929    40.071  1
     0.000    35.761    36.827  1
     0.000    35.000    33.000  1
     0.000    35.761    29.173  1
     0.000    37.929    25.929  1
     0.000    41.173    23.761  1
     0.000    45.000    23.000  1
     0.000    48.827    23.761  1
     0.000    52.071    25.929  1
     0.000    54.239    29.173  1
     0.000    55.000    33.000  1
    21.000    55.000    33.000  0
    21.000    54.239    36.827  1
    21.000    52.071    40.071  1
    21.000    48.827    42.239  1
    21.000    45.000    43.000  1
    21.000    41.173    42.239  1
    21.000    37.929    40.071  1
    21.000    35.761    36.827  1
    21.000    35.000    33.000  1
    21.000    35.761    29.173  1
    21.000    37.929    25.929  1
    21.000    41.173    23.761  1
    21.000    45.000    23.000  1
    21.000    48.827    23.761  1
    21.000    52.071    25.929  1
    21.000    54.239    29.173  1
    21.000    55.000    33.000  1
     0.000    55.000    33.000  0
    21.000    55.000    33.000  1
     0.000    54.239    36.827  0
    21.000    54.239    36.827  1
     0.000    52.071    40.071  0
    21.000    52.071    40.071  1
     0.000    48.827    42.239  0
    21.000    48.827    42.239  1
     0.000    45.000    43.000  0
    21.000    45.000    43.000  1
     0.000    41.173    42.239  0
    21.000    41.173    42.239  1
     0.000    37.929    40.071  0
    21.000    37.929    40.071  1
     0.000    35.761    36.827  0
    21.000    35.761    36.827  1
     0.000    35.000    33.000  0
    21.000    35.000    33.000  1
     0.000    35.761    29.173  0
    21.000    35.761    29.173  1
     0.000    37.929    25.929  0
    21.000    37.929    25.929  1
     0.000    41.173    23.761  0
    21.000    41.173    23.761  1
     0.000    45.000    23.000  0
    21.000    45.000    23.000  1
     0.000    48.827    23.761  0
    21.000    48.827    23.761  1
     0.000    52.071    25.929  0
    21.000    52.071    25.929  1
     0.000    54.239    29.173  0
    21.000    54.239    29.173  1
     0.000    55.000    33.000  0
    21.000    55.000    33.000  1
     0.000    54.000    15.000  0
     0.000    54.000    17.412  1
     0.000    56.570    19.211  1
     0.000    58.789    21.430  1
     0.000    60.588    24.000  1
     0.000    61.914    26.844  1
     0.000    62.727    29.874  1
     0.000    63.000    33.000  1
     0.000    62.727    36.126  1
     0.000    61.914    39.156  1
     0.000    60.588    42.000  1
     0.000    58.789    44.570  1
     0.000    56.570    46.789  1
     0.000    54.000    48.588  1
     0.000    51.156    49.914  1
     0.000    48.126    50.727  1
     0.000    45.000    51.000  1
    21.000    54.000    15.000  0
    21.000    54.000    17.412  1
    21.000    56.570    19.211  1
    21.000    58.789    21.430  1
    21.000    60.588    24.000  1
    21.000    61.914    26.844  1
    21.000    62.727    29.874  1
    21.000    63.000    33.000  1
    21.000    62.727    36.126  1
    21.000    61.914    39.156  1
    21.000    60.588    42.000  1
    21.000    58.789    44.570  1
    21.000    56.570    46.789  1
    21.000    54.000    48.588  1
    21.000    51.156    49.914  1
    21.000    48.126    50.727  1
    21.000    45.000    51.000  1
     0.000    54.000    17.412  0
    21.000    54.000    17.412  1
     0.000    56.570    19.211  0
    21.000    56.570    19.211  1
     0.000    58.789    21.430  0
    21.000    58.789    21.430  1
     0.000    60.588    24.000  0
    21.000    60.588    24.000  1
     0.000    61.914    26.844  0
    21.000    61.914    26.844  1
     0.000    62.727    29.874  0
    21.000    62.727    29.874  1
     0.000    63.000    33.000  0
    21.000    63.000    33.000  1
     0.000    62.727    36.126  0
    21.000    62.727    36.126  1
     0.000    61.914    39.156  0
    21.000    61.914    39.156  1
     0.000    60.588    42.000  0
    21.000    60.588    42.000  1
     0.000    58.789    44.570  0
    21.000    58.789    44.570  1
     0.000    56.570    46.789  0
    21.000    56.570    46.789  1
     0.000    54.000    48.588  0
    21.000    54.000    48.588  1
     0.000    51.156    49.914  0
    21.000    51.156    49.914  1
     0.000    48.126    50.727  0
    21.000    48.126    50.727  1
     0.000    45.000    51.000  0
    21.000    45.000    51.000  1
    74.602    18.000    24.179  0
    44.225    18.000    37.073  1
    41.902    18.000    38.341  1
    39.871    18.000    40.038  1
    38.210    18.000    42.098  1
    36.983    18.000    44.443  1
    36.237    18.000    46.982  1
    36.001    18.000    49.618  1
    36.283    18.000    52.249  1
    37.073    18.000    54.775  1
    38.341    18.000    57.098  1
    40.038    18.000    59.129  1
    42.098    18.000    60.790  1
    44.443    18.000    62.017  1
    46.982    18.000    62.763  1
    49.618    18.000    62.999  1
    52.249    18.000    62.717  1
    54.775    18.000    61.927  1
    85.151    18.000    49.033  1
    74.602    22.500    24.179  0
    44.225    22.500    37.073  1
    41.902    22.500    38.341  1
    39.871    22.500    40.038  1
    38.210    22.500    42.098  1
    36.983    22.500    44.443  1
    36.237    22.500    46.982  1
    36.001    22.500    49.618  1
    36.283    22.500    52.249  1
    37.073    22.500    54.775  1
    38.341    22.500    57.098  1
    40.038    22.500    59.129  1
    42.098    22.500    60.790  1
    44.443    22.500    62.017  1
    46.982    22.500    62.763  1
    49.618    22.500    62.999  1
    52.249    22.500    62.717  1
    54.775    22.500    61.927  1
    85.151    22.500    49.033  1
    44.225    18.000    37.073  0
    44.225    22.500    37.073  1
    41.902    18.000    38.341  0
    41.902    22.500    38.341  1
    39.871    18.000    40.038  0
    39.871    22.500    40.038  1
    38.210    18.000    42.098  0
    38.210    22.500    42.098  1
    36.983    18.000    44.443  0
    36.983    22.500    44.443  1
    36.237    18.000    46.982  0
    36.237    22.500    46.982  1
    36.001    18.000    49.618  0
    36.001    22.500    49.618  1
    36.283    18.000    52.249  0
    36.283    22.500    52.249  1
    37.073    18.000    54.775  0
    37.073    22.500    54.775  1
    38.341    18.000    57.098  0
    38.341    22.500    57.098  1
    40.038    18.000    59.129  0
    40.038    22.500    59.129  1
    42.098    18.000    60.790  0
    42.098    22.500    60.790  1
    44.443    18.000    62.017  0
    44.443    22.500    62.017  1
    46.982    18.000    62.763  0
    46.982    22.500    62.763  1
    49.618    18.000    62.999  0
    49.618    22.500    62.999  1
    52.249    18.000    62.717  0
    52.249    22.500    62.717  1
    54.775    18.000    61.927  0
    54.775    22.500    61.927  1
    77.532     0.000    31.083  0
    47.156     0.000    43.977  1
    45.220     0.000    45.295  1
    43.937     0.000    47.252  1
    43.500     0.000    49.552  1
    43.977     0.000    51.844  1
    45.295     0.000    53.780  1
    47.252     0.000    55.063  1
    49.552     0.000    55.500  1
    51.844     0.000    55.023  1
    82.221     0.000    42.129  1
    77.532    22.500    31.083  0
    47.156    22.500    43.977  1
    45.220    22.500    45.295  1
    43.937    22.500    47.252  1
    43.500    22.500    49.552  1
    43.977    22.500    51.844  1
    45.295    22.500    53.780  1
    47.252    22.500    55.063  1
    49.552    22.500    55.500  1
    51.844    22.500    55.023  1
    82.221    22.500    42.129  1
    47.156     0.000    43.977  0
    47.156    22.500    43.977  1
    45.220     0.000    45.295  0
    45.220    22.500    45.295  1
    43.937     0.000    47.252  0
    43.937    22.500    47.252  1
    43.500     0.000    49.552  0
    43.500    22.500    49.552  1
    43.977     0.000    51.844  0
    43.977    22.500    51.844  1
    45.295     0.000    53.780  0
    45.295    22.500    53.780  1
    47.252     0.000    55.063  0
    47.252    22.500    55.063  1
    49.552     0.000    55.500  0
    49.552    22.500    55.500  1
    51.844     0.000    55.023  0
    51.844    22.500    55.023  1
    82.221     0.000    42.129  0
    84.156     0.000    40.811  1
    85.440     0.000    38.853  1
    85.876     0.000    36.553  1
    85.400     0.000    34.261  1
    84.082     0.000    32.326  1
    82.124     0.000    31.043  1
    79.824     0.000    30.606  1
    77.532     0.000    31.083  1
    82.221    22.500    42.129  0
    84.156    22.500    40.811  1
    85.440    22.500    38.853  1
    85.876    22.500    36.553  1
    85.400    22.500    34.261  1
    84.082    22.500    32.326  1
    82.124    22.500    31.043  1
    79.824    22.500    30.606  1
    77.532    22.500    31.083  1
    82.221     0.000    42.129  0
    82.221    22.500    42.129  1
    84.156     0.000    40.811  0
    84.156    22.500    40.811  1
    85.440     0.000    38.853  0
    85.440    22.500    38.853  1
    85.876     0.000    36.553  0
    85.876    22.500    36.553  1
    85.400     0.000    34.261  0
    85.400    22.500    34.261  1
    84.082     0.000    32.326  0
    84.082    22.500    32.326  1
    82.124     0.000    31.043  0
    82.124    22.500    31.043  1
    79.824     0.000    30.606  0
    79.824    22.500    30.606  1
    77.532     0.000    31.083  0
    77.532    22.500    31.083  1
    85.151    18.000    49.033  0
    87.474    18.000    47.765  1
    89.505    18.000    46.068  1
    91.166    18.000    44.008  1
    92.394    18.000    41.663  1
    93.140    18.000    39.124  1
    93.376    18.000    36.488  1
    93.094    18.000    33.857  1
    92.303    18.000    31.331  1
    91.036    18.000    29.008  1
    89.339    18.000    26.977  1
    87.279    18.000    25.316  1
    84.934    18.000    24.089  1
    82.395    18.000    23.343  1
    79.759    18.000    23.106  1
    77.127    18.000    23.389  1
    74.602    18.000    24.179  1
    85.151    22.500    49.033  0
    87.474    22.500    47.765  1
    89.505    22.500    46.068  1
    91.166    22.500    44.008  1
    92.394    22.500    41.663  1
    93.140    22.500    39.124  1
    93.376    22.500    36.488  1
    93.094    22.500    33.857  1
    92.303    22.500    31.331  1
    91.036    22.500    29.008  1
    89.339    22.500    26.977  1
    87.279    22.500    25.316  1
    84.934    22.500    24.089  1
    82.395    22.500    23.343  1
    79.759    22.500    23.106  1
    77.127    22.500    23.389  1
    74.602    22.500    24.179  1
    85.151    18.000    49.033  0
    85.151    22.500    49.033  1
    87.474    18.000    47.765  0
    87.474    22.500    47.765  1
    89.505    18.000    46.068  0
    89.505    22.500    46.068  1
    91.166    18.000    44.008  0
    91.166    22.500    44.008  1
    92.394    18.000    41.663  0
    92.394    22.500    41.663  1
    93.140    18.000    39.124  0
    93.140    22.500    39.124  1
    93.376    18.000    36.488  0
    93.376    22.500    36.488  1
    93.094    18.000    33.857  0
    93.094    22.500    33.857  1
    92.303    18.000    31.331  0
    92.303    22.500    31.331  1
    91.036    18.000    29.008  0
    91.036    22.500    29.008  1
    89.339    18.000    26.977  0
    89.339    22.500    26.977  1
    87.279    18.000    25.316  0
    87.279    22.500    25.316  1
    84.934    18.000    24.089  0
    84.934    22.500    24.089  1
    82.395    18.000    23.343  0
    82.395    22.500    23.343  1
    79.759    18.000    23.106  0
    79.759    22.500    23.106  1
    77.127    18.000    23.389  0
    77.127    22.500    23.389  1
    74.602    18.000    24.179  0
    74.602    22.500    24.179  1
    88.668     0.000    57.317  0
    92.540     0.000    55.204  1
    95.925     0.000    52.376  1
    98.693     0.000    48.942  1
   100.738     0.000    45.034  1
   102.000     0.000    40.803  1
   102.000     0.000     0.000  1
    88.668    18.000    57.317  0
    92.540    18.000    55.204  1
    95.925    18.000    52.376  1
    98.693    18.000    48.942  1
   100.738    18.000    45.034  1
   102.000    18.000    40.803  1
   102.000    18.000    15.000  1
    88.668     0.000    57.317  0
    88.668    18.000    57.317  1
    92.540     0.000    55.204  0
    92.540    18.000    55.204  1
    95.925     0.000    52.376  0
    95.925    18.000    52.376  1
    98.693     0.000    48.942  0
    98.693    18.000    48.942  1
   100.738     0.000    45.034  0
   100.738    18.000    45.034  1
   101.982     0.000    40.803  0
   101.982    18.000    40.803  1
   -12.000     0.000    87.000  0
    12.000     0.000    87.000  1
    15.126     0.000    86.727  1
    18.156     0.000    85.914  1
    88.668     0.000    57.317  1
   -12.000    18.000    87.000  0
    12.000    18.000    87.000  1
    15.126    18.000    86.727  1
    18.156    18.000    85.914  1
    88.668    18.000    57.317  1
    12.000     0.000    87.000  0
    12.000    18.000    87.000  1
    15.126     0.000    86.727  0
    15.126    18.000    86.727  1
    18.156     0.000    85.914  0
    18.156    18.000    85.914  1


