     0.6     -0.6      0.6   0
    11.5    -67.4    -73.0   1
    69.1   -124.2     -7.4   1
    55.5    -58.5     57.4   1
     0.6     -0.6      0.6   1
   -81.7    -48.2     31.6   0
   -70.8   -115.1    -41.9   1
   -13.2   -171.8     23.6   1
   -26.7   -106.2     88.4   1
   -81.7    -48.2     31.6   1
     0.6     -0.6      0.6   0
   -81.7    -48.2     31.6   1
    11.5    -67.4    -73.0   0
   -70.8   -115.1    -41.9   1
    69.1   -124.2     -7.4   0
   -13.2   -171.8     23.6   1
    55.5    -58.5     57.4   0
   -26.7   -106.2     88.4   1
     0.6     -0.6      0.6   0
   -81.7    -48.2     31.6   1
