   218.0     80.0   0
   220.0     72.0   1
   216.0     63.0   1
   213.0     59.0   1
   223.0     54.0   1
   235.0     67.0   1
   246.0     63.0   1
   239.0     49.0   1
   255.0     44.0   1
   261.0     59.0   1
   271.0     59.0   1
   290.0     72.0   1
   301.0     94.0   1
   305.0    106.0   1
   313.0    125.0   1
   312.0    137.0   1
   302.0    153.0   1
   277.0    159.0   1
   259.0    158.0   1
   238.0    150.0   1
   222.0    130.0   1
   217.0    122.0   1
   217.0    105.0   1
   273.0    133.0   0
   276.0    139.0   1
   282.0    140.0   1
   292.0    138.0   1
   293.0    127.0   1
   276.0    126.0   1
   272.0    131.0   1
   243.0     95.0   0
   239.0     98.0   1
   244.0    101.0   1
   251.0     98.0   1
   246.0     97.0   1
   244.0     97.0   1
   267.0     87.0   0
   268.0     92.0   1
   269.0     95.0   1
   274.0     92.0   1
   274.0     87.0   1
   266.0     88.0   1
   275.0    162.0   0
   275.0    176.0   1
   288.0    177.0   1
   300.0    157.0   0
   302.0    173.0   1
   290.0    177.0   1
   217.0     82.0   0
   209.0    116.0   1
   191.0    170.0   1
   188.0    193.0   1
   201.0    194.0   1
   193.0    205.0   1
   187.0    233.0   1
   182.0    241.0   1
   182.0    246.0   1
   181.0    257.0   1
   196.0    260.0   1
   196.0    295.0   1
   182.0    317.0   1
   190.0    320.0   1
   199.0    328.0   1
   212.0    347.0   1
   240.0    349.0   1
   263.0    348.0   1
   284.0    345.0   1
   296.0    332.0   1
   306.0    319.0   1
   332.0    288.0   1
   339.0    263.0   1
   339.0    239.0   1
   339.0    208.0   1
   330.0    184.0   1
   312.0    162.0   1
   304.0    152.0   1
   226.0    197.0   0
   223.0    224.0   1
   223.0    240.0   1
   223.0    262.0   1
   230.0    270.0   1
   242.0    270.0   1
   252.0    268.0   1
   272.0    246.0   1
   267.0    204.0   1
   267.0    203.0   1
   326.0    180.0   0
   356.0    196.0   1
   359.0    206.0   1
   361.0    224.0   1
   362.0    241.0   1
   362.0    246.0   1
   351.0    251.0   1
   344.0    251.0   1
   213.0    349.0   0
   211.0    378.0   1
   228.0    389.0   1
   238.0    389.0   1
   247.0    377.0   1
   241.0    374.0   1
   237.0    374.0   1
   235.0    371.0   1
   237.0    352.0   1
   259.0    352.0   0
   259.0    366.0   1
   275.0    366.0   1
   281.0    383.0   1
   281.0    387.0   1
   274.0    394.0   1
   263.0    394.0   1
   248.0    393.0   1
   242.0    391.0   1
   185.0    318.0   0
   176.0    313.0   1
   117.0    259.0   1
    74.0    235.0   1
    45.0    227.0   1
    25.0    272.0   1
    24.0    305.0   1
    46.0    352.0   1
    72.0    360.0   1
   107.0    367.0   1
   133.0    369.0   1
   160.0    371.0   1
   199.0    368.0   1
   213.0    349.0   1
    49.0    253.0   0
    63.0    337.0   1
    68.0    256.0   0
    93.0    267.0   0
   119.0    280.0   0
   143.0    306.0   0
   145.0    355.0   1
   161.0    321.0   0
    39.0    269.0   0
    40.0    297.0   0
    50.0    329.0   0
    73.0    260.0   0
    75.0    337.0   1
    95.0    271.0   0
    95.0    341.0   1
   113.0    286.0   0
   119.0    348.0   1
   128.0    301.0   0
    36.0    274.0   0
   148.0    323.0   1
    33.0    303.0   0
   154.0    338.0   0
    49.0    329.0   0
   162.0    355.0   1
   288.0    156.0   0
   290.0    175.0   1
    41.0    300.0   0
   156.0    338.0   1
    46.0    318.0   0
   159.0    348.0   1
    42.0    259.0   0
   145.0    311.0   1
