   168.0    199.0   0
   180.0    174.0   1
   202.0    175.0   1
   210.0    202.0   1
   214.0    202.0   1
   220.0    201.0   1
   237.0    191.0   1
   238.0    181.0   1
   254.0    176.0   1
   260.0    176.0   1
   267.0    188.0   1
   274.0    196.0   1
   283.0    197.0   1
   291.0    180.0   1
   294.0    170.0   1
   321.0    173.0   1
   323.0    191.0   1
   337.0    193.0   1
   348.0    184.0   1
   355.0    150.0   1
   356.0    137.0   1
   365.0    128.0   1
   374.0    127.0   1
   379.0    138.0   1
   385.0    141.0   1
   397.0    130.0   1
   407.0    127.0   1
   411.0    137.0   1
   412.0    143.0   1
   411.0    161.0   1
   504.0    195.0   1
   520.0    188.0   1
   537.0    201.0   1
   534.0    210.0   1
   531.0    221.0   1
   505.0    224.0   1
   339.0    236.0   1
   169.0    198.0   0
   148.0    198.0   1
   137.0    196.0   1
   126.0    192.0   1
   112.0    185.0   1
    92.0    172.0   1
    88.0    137.0   1
    90.0    109.0   1
   100.0     93.0   1
   119.0     84.0   1
   136.0     75.0   1
   121.0     71.0   1
   106.0     71.0   1
    83.0     84.0   1
    69.0    105.0   1
    62.0    186.0   1
    66.0    204.0   1
   105.0    230.0   1
   121.0    230.0   1
   140.0    231.0   1
   153.0    232.0   1
   178.0    241.0   1
   197.0    242.0   1
   214.0    242.0   1
   212.0    265.0   1
   212.0    286.0   1
   224.0    287.0   1
   233.0    287.0   1
   255.0    287.0   1
   258.0    285.0   1
   258.0    276.0   1
   251.0    269.0   1
   246.0    268.0   1
   241.0    268.0   1
   240.0    257.0   1
   240.0    250.0   1
   240.0    245.0   1
   240.0    245.0   1
   324.0    239.0   1
   330.0    274.0   1
   356.0    277.0   1
   374.0    274.0   1
   373.0    270.0   1
   367.0    264.0   1
   356.0    261.0   1
   350.0    259.0   1
   346.0    258.0   1
   339.0    241.0   1
   339.0    239.0   1
   363.0    239.0   0
   364.0    254.0   1
   370.0    255.0   1
   382.0    257.0   1
   383.0    261.0   1
   383.0    269.0   1
   378.0    273.0   1
   375.0    273.0   1
   259.0    245.0   0
   259.0    257.0   1
   263.0    257.0   1
   275.0    261.0   1
   279.0    263.0   1
   279.0    276.0   1
   277.0    283.0   1
   267.0    284.0   1
   258.0    283.0   1
   533.0    205.0   0
   510.0    206.0   1
   467.0    206.0   1
   427.0    193.0   1
   405.0    192.0   1
   400.0    198.0   1
   401.0    207.0   1
   413.0    209.0   1
   445.0    210.0   1
   455.0    210.0   1
   497.0    212.0   1
   509.0    212.0   1
   531.0    212.0   1
   409.0    202.0   0
   465.0    209.0   1
   531.0    209.0   1
   369.0    140.0   0
   363.0    142.0   1
   365.0    146.0   1
   365.0    148.0   1
   368.0    150.0   1
   371.0    150.0   1
   375.0    145.0   1
   372.0    141.0   1
   372.0    141.0   1
   399.0    138.0   0
   395.0    141.0   1
   395.0    148.0   1
   400.0    149.0   1
   402.0    148.0   1
   406.0    146.0   1
   400.0    141.0   1
