   257.0    124.0   0
   229.0    138.0   1
   216.0    151.0   1
   216.0    183.0   1
   220.0    194.0   1
   239.0    215.0   1
   266.0    220.0   1
   295.0    225.0   1
   352.0    227.0   1
   373.0    220.0   1
   401.0    191.0   1
   401.0    162.0   1
   396.0    146.0   1
   388.0    127.0   1
   362.0    115.0   1
   353.0    115.0   1
   322.0    115.0   1
   306.0    115.0   1
   268.0    119.0   1
   256.0    119.0   1
   236.0    129.0   0
   242.0     67.0   1
   284.0    114.0   1
   350.0    115.0   0
   377.0     68.0   1
   383.0    120.0   1
   268.0    145.0   0
   266.0    159.0   1
   277.0    160.0   1
   287.0    152.0   1
   275.0    148.0   1
   272.0    147.0   1
   269.0    147.0   1
   333.0    145.0   0
   328.0    145.0   1
   327.0    151.0   1
   328.0    153.0   1
   346.0    158.0   1
   352.0    147.0   1
   346.0    144.0   1
   341.0    144.0   1
   336.0    145.0   1
   294.0    175.0   0
   319.0    175.0   1
   316.0    188.0   1
   304.0    188.0   1
   294.0    185.0   1
   292.0    178.0   1
   292.0    177.0   1
   306.0    191.0   0
   306.0    203.0   1
   302.0    208.0   1
   287.0    208.0   1
   274.0    208.0   1
   309.0    191.0   0
   309.0    197.0   1
   311.0    201.0   1
   313.0    202.0   1
   320.0    206.0   1
   327.0    206.0   1
   332.0    206.0   1
   339.0    205.0   1
   332.0    184.0   0
   338.0    193.0   0
   338.0    200.0   0
   285.0    187.0   0
   186.0    170.0   1
   276.0    193.0   0
   194.0    188.0   1
   277.0    203.0   0
   370.0    224.0   0
   388.0    264.0   1
   388.0    311.0   1
   363.0    333.0   1
   354.0    333.0   1
   334.0    320.0   1
   330.0    296.0   1
   329.0    279.0   1
   257.0    254.0   0
   263.0    312.0   1
   271.0    330.0   1
   277.0    331.0   1
   294.0    329.0   1
   295.0    317.0   1
   308.0    299.0   1
   308.0    280.0   1
   253.0    221.0   0
   226.0    254.0   1
   206.0    260.0   1
   192.0    279.0   1
   190.0    303.0   1
   192.0    307.0   1
   193.0    312.0   1
   235.0    318.0   1
   263.0    318.0   1
   194.0    274.0   0
   180.0    266.0   1
   156.0    246.0   1
   138.0    221.0   1
   126.0    214.0   1
   125.0    215.0   1
   120.0    244.0   1
   126.0    267.0   1
   142.0    273.0   1
   160.0    285.0   1
   176.0    292.0   1
   187.0    293.0   1
   332.0    183.0   0
   442.0    172.0   1
   337.0    191.0   0
   442.0    185.0   1
   343.0    194.0   0
   442.0    202.0   0
