   348.0     90.0   0
   349.0     84.0   1
   350.0     81.0   1
   360.0     80.0   1
   371.0     90.0   1
   371.0     98.0   1
   375.0    101.0   1
   382.0    104.0   1
   385.0    113.0   1
   385.0    121.0   1
   379.0    123.0   1
   367.0    123.0   1
   362.0    122.0   1
   358.0    117.0   1
   354.0    114.0   1
   348.0     85.0   0
   342.0     80.0   1
   344.0     76.0   1
   350.0     78.0   1
   351.0     80.0   1
   361.0     82.0   0
   363.0     81.0   0
   366.0     74.0   1
   369.0     75.0   1
   373.0     80.0   1
   373.0     83.0   1
   367.0     86.0   1
   353.0     81.0   0
   353.0     76.0   1
   353.0     74.0   1
   351.0     72.0   1
   347.0     72.0   1
   345.0     67.0   1
   347.0     64.0   1
   350.0     64.0   1
   353.0     66.0   1
   355.0     71.0   1
   356.0     79.0   1
   359.0     81.0   0
   358.0     77.0   1
   358.0     71.0   1
   356.0     65.0   1
   356.0     63.0   1
   363.0     65.0   1
   363.0     68.0   1
   363.0     71.0   1
   360.0     76.0   1
   360.0     80.0   1
   359.0     97.0   0
   360.0     96.0   1
   360.0    101.0   1
   366.0     97.0   0
   365.0    101.0   1
   365.0     97.0   1
   374.0    111.0   0
   377.0    113.0   1
   377.0    110.0   1
   375.0    111.0   1
   361.0    113.0   0
   371.0    121.0   1
   350.0     85.0   0
   344.0     91.0   1
   341.0    104.0   1
   329.0    143.0   1
   318.0    166.0   1
   297.0    181.0   1
   270.0    182.0   1
   237.0    182.0   1
   218.0    197.0   1
   202.0    214.0   1
   208.0    222.0   1
   223.0    203.0   1
   220.0    235.0   1
   220.0    259.0   1
   226.0    277.0   1
   226.0    310.0   1
   220.0    327.0   1
   216.0    338.0   1
   228.0    338.0   1
   235.0    308.0   1
   239.0    280.0   1
   239.0    270.0   1
   263.0    248.0   1
   264.0    225.0   1
   264.0    211.0   1
   260.0    252.0   0
   264.0    240.0   1
   295.0    241.0   1
   316.0    241.0   1
   316.0    283.0   1
   316.0    327.0   1
   311.0    336.0   1
   325.0    333.0   1
   325.0    309.0   1
   325.0    278.0   1
   325.0    265.0   1
   325.0    247.0   1
   327.0    239.0   1
   335.0    242.0   1
   335.0    259.0   1
   335.0    280.0   1
   335.0    310.0   1
   335.0    322.0   1
   335.0    334.0   1
   342.0    333.0   1
   342.0    317.0   1
   348.0    280.0   1
   348.0    242.0   1
   350.0    232.0   1
   351.0    219.0   1
   351.0    200.0   1
   349.0    189.0   1
   343.0    179.0   1
   344.0    167.0   1
   344.0    147.0   1
   350.0    117.0   1
   355.0    115.0   1
   275.0    246.0   0
   274.0    274.0   1
   261.0    282.0   1
   261.0    302.0   1
   261.0    331.0   1
   262.0    337.0   1
   246.0    336.0   1
   246.0    324.0   1
   246.0    306.0   1
   246.0    281.0   1
   245.0    269.0   1
   219.0    329.0   0
   230.0    329.0   1
   247.0    330.0   0
   317.0    329.0   0
   336.0    329.0   0
   202.0    217.0   0
   198.0    234.0   1
   202.0    235.0   1
   207.0    223.0   1
   246.0    329.0   0
   315.0    321.0   0
   336.0    319.0   0
   246.0    328.0   0
   261.0    328.0   1
   316.0    322.0   0
   325.0    322.0   1
   335.0    322.0   0
   342.0    322.0   0
   335.0    321.0   0
   343.0    321.0   1
