   359.0    125.0   0
   355.0    142.0   1
   357.0    168.0   1
   396.0    186.0   1
   430.0    188.0   1
   450.0    178.0   1
   450.0    161.0   1
   437.0    149.0   1
   429.0    145.0   1
   419.0    140.0   1
   410.0    133.0   1
   399.0    119.0   1
   385.0    108.0   1
   366.0    109.0   1
   358.0    120.0   1
   357.0    131.0   1
   372.0    139.0   0
   377.0    145.0   1
   381.0    142.0   1
   377.0    138.0   1
   373.0    140.0   1
   392.0    131.0   0
   390.0    135.0   1
   391.0    137.0   1
   396.0    139.0   1
   397.0    134.0   1
   394.0    131.0   1
   393.0    133.0   1
   403.0    154.0   0
   414.0    154.0   1
   426.0    155.0   1
   427.0    164.0   1
   420.0    165.0   1
   405.0    165.0   1
   395.0    164.0   1
   421.0    157.0   0
   417.0    163.0   1
   413.0    165.0   1
   413.0    180.0   0
   421.0    180.0   1
   432.0    180.0   1
   434.0    176.0   1
   437.0    175.0   1
   389.0    110.0   0
   389.0     99.0   1
   387.0     93.0   1
   381.0     88.0   1
   375.0    100.0   1
   375.0    105.0   1
   375.0    110.0   1
   362.0    117.0   0
   353.0    103.0   1
   347.0    100.0   1
   342.0    102.0   1
   342.0    116.0   1
   345.0    125.0   1
   353.0    127.0   1
   358.0    128.0   1
   458.0    193.0   0
   463.0    193.0   1
   482.0    190.0   1
   484.0    187.0   1
   483.0    178.0   1
   477.0    172.0   1
   473.0    170.0   1
   472.0    152.0   1
   473.0    137.0   1
   469.0    130.0   1
   465.0    126.0   1
   457.0    126.0   1
   449.0    126.0   1
   443.0    127.0   1
   439.0    129.0   1
   444.0    121.0   1
   452.0    112.0   1
   452.0    105.0   1
   443.0     97.0   1
   429.0     86.0   1
   418.0     86.0   1
   412.0     89.0   1
   410.0     93.0   1
   413.0     69.0   1
   405.0     59.0   1
   394.0     57.0   1
   385.0     57.0   1
   371.0     66.0   1
   371.0     80.0   1
   353.0     57.0   1
   347.0     62.0   1
   343.0     71.0   1
   343.0     80.0   1
   333.0     76.0   1
   330.0     73.0   1
   324.0     72.0   1
   315.0     75.0   1
   311.0     94.0   1
   311.0    109.0   1
   334.0    135.0   1
   327.0    130.0   1
   313.0    137.0   1
   310.0    141.0   1
   310.0    151.0   1
   319.0    160.0   1
   337.0    162.0   1
   343.0    164.0   1
   329.0    189.0   1
   345.0    198.0   1
   355.0    202.0   1
   365.0    190.0   1
   367.0    215.0   1
   395.0    207.0   1
   395.0    202.0   1
   399.0    208.0   1
   406.0    221.0   1
   416.0    222.0   1
   424.0    212.0   1
   424.0    202.0   1
   449.0    223.0   1
   453.0    215.0   1
   455.0    197.0   1
   456.0    194.0   1
   322.0    164.0   0
   286.0    168.0   1
   262.0    169.0   1
   229.0    170.0   1
   192.0    172.0   1
   169.0    170.0   1
   144.0    154.0   1
   144.0    134.0   1
   164.0    112.0   1
   168.0    104.0   1
   173.0     98.0   1
   166.0     91.0   1
   163.0     89.0   1
   166.0     83.0   1
   168.0     78.0   1
   173.0     74.0   1
   176.0     72.0   1
   181.0     71.0   1
   193.0     70.0   1
   191.0     76.0   1
   190.0     79.0   1
   187.0     84.0   1
   180.0     91.0   1
   174.0     97.0   1
   163.0     91.0   0
   153.0     98.0   1
   140.0    110.0   1
   136.0    138.0   1
   136.0    150.0   1
   152.0    180.0   1
   156.0    180.0   1
   169.0    184.0   1
   176.0    185.0   1
   173.0    190.0   1
   165.0    211.0   1
   164.0    219.0   1
   164.0    246.0   1
   170.0    254.0   1
   181.0    266.0   1
   181.0    278.0   1
   179.0    296.0   1
   176.0    300.0   1
   173.0    305.0   1
   186.0    308.0   1
   195.0    308.0   1
   210.0    308.0   1
   219.0    305.0   1
   219.0    293.0   1
   215.0    288.0   1
   207.0    288.0   1
   205.0    288.0   1
   205.0    288.0   1
   206.0    272.0   1
   206.0    267.0   1
   210.0    266.0   1
   217.0    251.0   1
   222.0    249.0   1
   233.0    238.0   1
   237.0    218.0   1
   237.0    205.0   1
   226.0    246.0   0
   267.0    250.0   1
   282.0    251.0   1
   292.0    251.0   1
   320.0    251.0   1
   332.0    251.0   1
   344.0    252.0   1
   344.0    265.0   1
   344.0    286.0   1
   351.0    302.0   1
   360.0    302.0   1
   376.0    302.0   1
   391.0    302.0   1
   391.0    295.0   1
   388.0    286.0   1
   379.0    279.0   1
   375.0    277.0   1
   373.0    275.0   1
   373.0    264.0   1
   373.0    259.0   1
   373.0    252.0   1
   381.0    252.0   1
   385.0    252.0   1
   398.0    252.0   1
   400.0    252.0   1
   401.0    268.0   1
   401.0    273.0   1
   403.0    305.0   1
   437.0    304.0   1
   440.0    291.0   1
   437.0    286.0   1
   424.0    279.0   1
   423.0    270.0   1
   423.0    249.0   1
   423.0    226.0   1
   423.0    222.0   1
   422.0    218.0   1
   258.0    256.0   0
   252.0    268.0   1
   244.0    275.0   1
   241.0    288.0   1
   248.0    290.0   1
   258.0    292.0   1
   259.0    303.0   1
   259.0    310.0   1
   244.0    311.0   1
   227.0    308.0   1
   222.0    306.0   1
   198.0    296.0   0
   203.0    296.0   1
   206.0    300.0   1
   206.0    306.0   1
   207.0    294.0   0
   216.0    297.0   1
   237.0    298.0   0
   246.0    303.0   1
   247.0    313.0   1
   247.0    298.0   0
   253.0    301.0   1
   362.0    289.0   0
   375.0    292.0   1
   375.0    302.0   1
   371.0    285.0   0
   384.0    290.0   1
   384.0    301.0   1
   411.0    288.0   0
   422.0    293.0   1
   423.0    301.0   1
   423.0    305.0   1
   421.0    288.0   0
   431.0    292.0   1
   432.0    299.0   1
