   329.0    130.0   0
   317.0    133.0   1
   311.0    146.0   1
   311.0    160.0   1
   327.0    167.0   1
   370.0    174.0   1
   394.0    169.0   1
   407.0    158.0   1
   403.0    144.0   1
   399.0    134.0   1
   379.0    128.0   1
   370.0    128.0   1
   359.0    128.0   1
   348.0    128.0   1
   341.0    129.0   1
   333.0    129.0   1
   328.0    130.0   1
   337.0    140.0   0
   336.0    145.0   1
   338.0    146.0   1
   343.0    146.0   1
   344.0    141.0   1
   339.0    140.0   1
   336.0    142.0   1
   368.0    141.0   0
   368.0    146.0   1
   370.0    147.0   1
   373.0    147.0   1
   378.0    143.0   1
   374.0    141.0   1
   371.0    140.0   1
   367.0    142.0   1
   327.0    156.0   0
   350.0    160.0   1
   361.0    161.0   1
   381.0    161.0   1
   389.0    155.0   1
   336.0    129.0   0
   333.0    118.0   1
   333.0    111.0   1
   333.0    103.0   1
   337.0     95.0   1
   346.0     90.0   1
   358.0     89.0   1
   372.0     89.0   1
   377.0     95.0   1
   380.0    101.0   1
   381.0    107.0   1
   381.0    116.0   1
   381.0    122.0   1
   381.0    128.0   1
   381.0    129.0   1
   345.0    111.0   0
   342.0    105.0   1
   349.0    103.0   1
   349.0    105.0   1
   350.0    108.0   1
   349.0    114.0   1
   346.0    114.0   1
   345.0    112.0   1
   359.0    103.0   0
   366.0    103.0   1
   367.0    106.0   1
   367.0    111.0   1
   366.0    113.0   1
   361.0    113.0   1
   360.0    113.0   1
   359.0    109.0   1
   359.0    106.0   1
   391.0    132.0   0
   391.0    119.0   1
   397.0    118.0   1
   403.0    115.0   1
   402.0    110.0   1
   397.0    107.0   1
   391.0    107.0   1
   391.0    107.0   1
   390.0     93.0   1
   389.0     88.0   1
   386.0     83.0   1
   381.0     75.0   1
   373.0     71.0   1
   362.0     70.0   1
   350.0     70.0   1
   343.0     71.0   1
   331.0     73.0   1
   322.0     83.0   1
   321.0     95.0   1
   321.0    104.0   1
   321.0    111.0   1
   314.0    113.0   1
   310.0    113.0   1
   310.0    120.0   1
   310.0    121.0   1
   318.0    121.0   1
   323.0    124.0   1
   324.0    126.0   1
   324.0    131.0   1
   325.0    130.0   0
   295.0    135.0   1
   270.0    135.0   1
   242.0    136.0   1
   208.0    136.0   1
   174.0    136.0   1
   157.0    136.0   1
   145.0    129.0   1
   138.0    120.0   1
   137.0     96.0   1
   137.0     84.0   1
   140.0     68.0   1
   140.0     59.0   1
   154.0     49.0   1
   175.0     48.0   1
   180.0     51.0   1
   180.0     59.0   1
   180.0     73.0   1
   171.0     79.0   1
   163.0     80.0   1
   161.0     85.0   1
   161.0     88.0   1
   166.0     91.0   1
   171.0     90.0   1
   179.0     90.0   1
   185.0     75.0   1
   188.0     67.0   1
   188.0     53.0   1
   188.0     48.0   1
   184.0     42.0   1
   174.0     39.0   1
   154.0     39.0   1
   144.0     41.0   1
   131.0     50.0   1
   123.0     70.0   1
   125.0     89.0   1
   125.0    105.0   1
   127.0    135.0   1
   130.0    137.0   1
   149.0    146.0   1
   157.0    148.0   1
   165.0    151.0   1
   181.0    151.0   1
   190.0    151.0   1
   188.0    153.0   1
   178.0    186.0   1
   174.0    206.0   1
   174.0    214.0   1
   174.0    227.0   1
   178.0    236.0   1
   178.0    242.0   1
   179.0    250.0   1
   182.0    252.0   1
   200.0    252.0   1
   209.0    252.0   1
   213.0    252.0   1
   208.0    245.0   1
   205.0    236.0   1
   205.0    227.0   1
   205.0    211.0   1
   206.0    201.0   1
   208.0    193.0   1
   236.0    193.0   1
   249.0    193.0   1
   269.0    193.0   1
   296.0    193.0   1
   315.0    193.0   1
   336.0    193.0   1
   335.0    224.0   1
   333.0    231.0   1
   329.0    242.0   1
   342.0    243.0   1
   353.0    242.0   1
   363.0    240.0   1
   363.0    233.0   1
   364.0    191.0   1
   364.0    182.0   1
   364.0    177.0   1
   234.0    197.0   0
   232.0    236.0   1
   232.0    244.0   1
   233.0    254.0   1
   237.0    254.0   1
   218.0    254.0   1
   213.0    254.0   1
   316.0    196.0   0
   315.0    229.0   1
   315.0    243.0   1
   312.0    245.0   1
   320.0    245.0   1
   330.0    245.0   1
   332.0    242.0   1
