   235.0    111.0   0
   252.0    101.0   1
   279.0     97.0   1
   300.0     97.0   1
   315.0     97.0   1
   325.0    105.0   1
   337.0    100.0   1
   370.0    104.0   1
   375.0    120.0   1
   383.0    147.0   1
   390.0    161.0   1
   390.0    176.0   1
   387.0    191.0   1
   377.0    197.0   1
   352.0    192.0   1
   350.0    170.0   1
   338.0    140.0   1
   333.0    128.0   1
   332.0    125.0   1
   237.0    112.0   0
   232.0    109.0   1
   220.0    103.0   1
   212.0    104.0   1
   204.0    126.0   1
   201.0    136.0   1
   201.0    154.0   1
   201.0    185.0   1
   205.0    191.0   1
   215.0    196.0   1
   231.0    194.0   1
   234.0    174.0   1
   236.0    152.0   1
   236.0    142.0   1
   236.0    163.0   0
   236.0    189.0   1
   238.0    199.0   1
   250.0    210.0   1
   255.0    214.0   1
   271.0    215.0   1
   288.0    215.0   1
   304.0    215.0   1
   323.0    213.0   1
   336.0    203.0   1
   339.0    191.0   1
   344.0    183.0   1
   348.0    173.0   1
   258.0    136.0   0
   252.0    139.0   1
   252.0    148.0   1
   260.0    150.0   1
   265.0    149.0   1
   265.0    140.0   1
   265.0    137.0   1
   261.0    136.0   1
   300.0    135.0   0
   292.0    136.0   1
   292.0    141.0   1
   297.0    145.0   1
   300.0    146.0   1
   308.0    145.0   1
   308.0    140.0   1
   292.0    135.0   1
   272.0    172.0   0
   294.0    172.0   1
   294.0    189.0   1
   283.0    188.0   1
   266.0    173.0   1
   283.0    189.0   0
   282.0    192.0   1
   277.0    198.0   1
   269.0    199.0   1
   254.0    194.0   1
   284.0    188.0   0
   284.0    190.0   1
   286.0    195.0   1
   289.0    196.0   1
   293.0    196.0   1
   302.0    196.0   1
   304.0    194.0   1
   339.0    201.0   0
   345.0    238.0   1
   345.0    270.0   1
   346.0    306.0   1
   342.0    320.0   1
   314.0    328.0   1
   296.0    318.0   1
   290.0    287.0   1
   290.0    278.0   1
   274.0    271.0   0
   274.0    313.0   1
   272.0    328.0   1
   259.0    333.0   1
   247.0    326.0   1
   234.0    314.0   1
   230.0    283.0   1
   232.0    270.0   1
   232.0    263.0   1
   237.0    243.0   1
   246.0    209.0   0
   220.0    217.0   1
   181.0    256.0   1
   172.0    277.0   1
   171.0    293.0   1
   171.0    303.0   1
   183.0    311.0   1
   191.0    312.0   1
   205.0    313.0   1
   223.0    313.0   1
   235.0    313.0   1
   175.0    274.0   0
   159.0    264.0   1
   120.0    202.0   1
   115.0    183.0   1
   111.0    172.0   1
    97.0    198.0   1
    93.0    218.0   1
    95.0    253.0   1
   112.0    272.0   1
   126.0    276.0   1
   155.0    287.0   1
   168.0    289.0   1
