    99.0    233.0   0
   466.0    223.0   1
   449.0    277.0   1
   423.0    313.0   1
   365.0    343.0   1
   299.0    352.0   1
   250.0    349.0   1
   194.0    334.0   1
   149.0    315.0   1
   111.0    287.0   1
    92.0    238.0   1
   151.0    259.0   0
   171.0    290.0   0
   196.0    317.0   0
   249.0    336.0   0
   408.0     74.0   0
   383.0     79.0   1
   369.0    100.0   1
   369.0    114.0   1
   371.0    130.0   1
   374.0    136.0   1
   392.0    142.0   1
   415.0    149.0   1
   433.0    151.0   1
   457.0    143.0   1
   474.0    129.0   1
   474.0     96.0   1
   470.0     81.0   1
   457.0     70.0   1
   440.0     69.0   1
   430.0     69.0   1
   410.0     70.0   1
   474.0     90.0   0
   499.0     90.0   1
   474.0    105.0   1
   500.0    110.0   1
   473.0    115.0   1
   434.0     86.0   0
   433.0     96.0   1
   438.0    100.0   1
   450.0    100.0   1
   451.0     85.0   1
   443.0     85.0   1
   437.0     85.0   1
   433.0    153.0   0
   423.0    158.0   1
   410.0    182.0   1
   404.0    196.0   1
   397.0    209.0   1
   392.0    221.0   1
   391.0    142.0   0
   387.0    170.0   1
   370.0    176.0   1
   360.0    181.0   1
   348.0    191.0   1
   338.0    201.0   1
   319.0    220.0   1
   316.0    229.0   1
   371.0    133.0   0
   331.0    143.0   1
   290.0    164.0   1
   193.0    120.0   1
   154.0     98.0   1
   144.0     99.0   1
   133.0    118.0   1
   135.0    138.0   1
   136.0    144.0   1
   123.0    149.0   1
   104.0    151.0   1
   100.0    153.0   1
   107.0    178.0   1
   145.0    215.0   1
   145.0    217.0   1
