   352.0    159.0   0
   344.0    169.0   1
   344.0    181.0   1
   345.0    187.0   1
   351.0    189.0   1
   356.0    189.0   1
   376.0    194.0   1
   382.0    194.0   1
   400.0    194.0   1
   409.0    194.0   1
   412.0    192.0   1
   424.0    182.0   1
   424.0    179.0   1
   424.0    172.0   1
   423.0    167.0   1
   417.0    163.0   1
   415.0    160.0   1
   408.0    157.0   1
   404.0    157.0   1
   400.0    157.0   1
   394.0    157.0   1
   391.0    157.0   1
   380.0    160.0   1
   376.0    161.0   1
   358.0    161.0   1
   356.0    160.0   1
   364.0    171.0   0
   364.0    174.0   1
   368.0    177.0   1
   371.0    176.0   1
   367.0    170.0   1
   366.0    170.0   1
   365.0    170.0   1
   397.0    169.0   0
   393.0    173.0   1
   393.0    174.0   1
   396.0    175.0   1
   397.0    176.0   1
   399.0    176.0   1
   406.0    176.0   1
   406.0    173.0   1
   399.0    170.0   1
   396.0    170.0   1
   357.0    183.0   0
   365.0    184.0   1
   374.0    186.0   1
   380.0    186.0   1
   389.0    187.0   1
   398.0    187.0   1
   405.0    187.0   1
   409.0    185.0   1
   412.0    182.0   1
   364.0    162.0   0
   364.0    161.0   1
   364.0    154.0   1
   364.0    144.0   1
   364.0    140.0   1
   364.0    131.0   1
   364.0    125.0   1
   352.0    116.0   1
   349.0    114.0   1
   343.0    107.0   1
   343.0    103.0   1
   343.0     98.0   1
   345.0    107.0   1
   348.0    107.0   1
   353.0    109.0   1
   359.0    112.0   1
   362.0    113.0   1
   366.0    115.0   1
   369.0    115.0   1
   379.0    116.0   1
   382.0    116.0   1
   396.0    114.0   1
   398.0    111.0   1
   404.0    101.0   1
   404.0     95.0   1
   405.0     92.0   1
   406.0    103.0   1
   406.0    110.0   1
   406.0    118.0   1
   403.0    122.0   1
   396.0    123.0   1
   395.0    129.0   1
   395.0    136.0   1
   395.0    142.0   1
   396.0    150.0   1
   396.0    155.0   1
   372.0    132.0   0
   369.0    134.0   1
   369.0    140.0   1
   371.0    141.0   1
   375.0    141.0   1
   376.0    137.0   1
   373.0    135.0   1
   384.0    135.0   0
   383.0    137.0   1
   383.0    140.0   1
   385.0    143.0   1
   387.0    144.0   1
   389.0    143.0   1
   390.0    139.0   1
   390.0    137.0   1
   387.0    137.0   1
   385.0    138.0   1
   362.0    127.0   0
   347.0    138.0   1
   341.0    139.0   1
   342.0    143.0   1
   344.0    145.0   1
   347.0    147.0   1
   355.0    148.0   1
   360.0    143.0   1
   361.0    137.0   1
   399.0    127.0   0
   406.0    135.0   1
   412.0    136.0   1
   414.0    138.0   1
   410.0    142.0   1
   403.0    142.0   1
   399.0    142.0   1
   396.0    138.0   1
   365.0    156.0   0
   357.0    156.0   1
   327.0    156.0   1
   308.0    157.0   1
   293.0    157.0   1
   279.0    159.0   1
   253.0    164.0   1
   233.0    169.0   1
   227.0    169.0   1
   183.0    185.0   1
   177.0    198.0   1
   166.0    259.0   1
   166.0    285.0   1
   166.0    307.0   1
   177.0    320.0   1
   181.0    311.0   1
   181.0    295.0   1
   187.0    268.0   1
   187.0    258.0   1
   187.0    227.0   1
   185.0    215.0   1
   183.0    209.0   1
   183.0    223.0   1
   185.0    227.0   1
   189.0    246.0   1
   189.0    254.0   1
   193.0    268.0   1
   193.0    280.0   1
   196.0    284.0   1
   202.0    296.0   1
   203.0    313.0   1
   203.0    324.0   1
   197.0    338.0   1
   194.0    342.0   1
   193.0    351.0   1
   189.0    354.0   1
   208.0    356.0   1
   212.0    356.0   1
   224.0    356.0   1
   225.0    333.0   1
   227.0    323.0   1
   238.0    306.0   1
   236.0    296.0   1
   236.0    294.0   1
   257.0    285.0   1
   265.0    281.0   1
   271.0    251.0   1
   274.0    240.0   1
   274.0    208.0   1
   274.0    202.0   1
   274.0    256.0   0
   299.0    261.0   1
   324.0    261.0   1
   339.0    259.0   1
   362.0    256.0   1
   362.0    312.0   1
   362.0    317.0   1
   362.0    331.0   1
   362.0    340.0   1
   370.0    343.0   1
   391.0    345.0   1
   391.0    341.0   1
   391.0    329.0   1
   391.0    307.0   1
   390.0    284.0   1
   388.0    273.0   1
   385.0    258.0   1
   385.0    258.0   1
   398.0    257.0   1
   398.0    295.0   1
   398.0    311.0   1
   398.0    329.0   1
   398.0    340.0   1
   414.0    343.0   1
   414.0    331.0   1
   414.0    286.0   1
   414.0    269.0   1
   414.0    231.0   1
   413.0    216.0   1
   409.0    203.0   1
   409.0    199.0   1
   408.0    197.0   1
   297.0    265.0   0
   299.0    281.0   1
   294.0    287.0   1
   289.0    288.0   1
   290.0    301.0   1
   290.0    304.0   1
   285.0    307.0   1
   281.0    304.0   1
   277.0    298.0   1
   276.0    306.0   1
   276.0    310.0   1
   269.0    311.0   1
   262.0    305.0   1
   262.0    303.0   1
   255.0    303.0   1
   246.0    299.0   1
   244.0    297.0   1
   241.0    295.0   1
   283.0    306.0   0
   282.0    311.0   1
   282.0    328.0   1
   282.0    336.0   1
   282.0    344.0   1
   282.0    346.0   1
   265.0    347.0   1
   258.0    347.0   1
   258.0    331.0   1
   258.0    322.0   1
   258.0    308.0   1
   258.0    305.0   1
   194.0    347.0   0
   199.0    347.0   1
   218.0    349.0   1
   218.0    349.0   1
   259.0    341.0   0
   267.0    341.0   1
   277.0    341.0   1
   365.0    335.0   0
   388.0    337.0   1
   388.0    337.0   1
   398.0    336.0   0
   412.0    338.0   1
   412.0    338.0   1
