   372.5    238.9   0
   366.4    242.5   1
   358.9    245.0   1
   345.8    244.9   1
   334.0    241.8   1
   325.5    237.9   1
   324.0    230.4   1
   324.6    223.7   1
   327.5    220.8   1
   336.4    221.0   1
   343.3    225.3   1
   348.0    232.0   1
   354.4    236.8   1
   359.9    238.8   1
   367.4    237.9   1
   381.4    232.8   1
   385.8    230.6   1
   384.0    233.6   1
   371.9    239.3   1
   325.0    237.3   0
   309.2    238.1   1
   288.5    234.7   1
   283.1    231.6   1
   285.0    227.6   1
   286.1    220.3   1
   287.4    218.3   1
   299.6    221.5   1
   308.5    221.8   1
   317.9    222.1   1
   324.6    224.2   1
   283.0    232.1   0
   278.1    228.5   1
   276.0    222.6   1
   276.2    208.5   1
   276.6    197.5   1
   277.1    191.3   1
   280.4    190.0   1
   285.7    189.4   1
   288.5    193.3   1
   289.3    207.5   1
   287.9    218.4   1
   287.1    191.1   0
   290.0    188.2   1
   289.8    178.2   1
   289.7    174.0   1
   286.8    171.1   1
   277.9    170.4   1
   274.2    170.6   1
   274.7    177.4   1
   274.4    180.5   1
   272.8    186.7   1
   267.8    189.9   1
   253.1    190.7   1
   232.9    188.4   1
   223.6    187.1   1
   222.2    184.9   1
   222.8    177.6   1
   222.5    168.7   1
   221.0    156.5   1
   221.4    151.8   1
   224.3    148.4   1
   228.6    147.2   1
   240.7    147.2   1
   256.6    150.7   1
   270.3    156.1   1
   273.7    159.0   1
   274.6    165.9   1
   274.7    171.7   1
   222.5    187.0   0
   220.7    190.0   1
   216.8    192.3   1
   211.2    190.7   1
   209.4    186.9   1
   210.0    180.7   1
   210.0    162.3   1
   209.0    149.7   1
   209.5    144.5   1
   212.6    144.2   1
   217.1    147.2   1
   221.9    152.4   1
   210.7    190.2   0
   208.7    195.7   1
   202.4    195.7   1
   200.1    191.3   1
   200.7    185.1   1
   202.2    167.9   1
   201.1    156.8   1
   200.3    147.9   1
   199.5    144.7   1
   209.5    144.5   1
   199.0    144.6   0
   191.7    144.0   1
   188.5    144.2   1
   187.3    146.7   1
   186.8    146.2   1
   178.6    143.9   1
   174.2    146.6   1
   171.8    149.6   1
   167.3    147.1   1
   162.7    146.7   1
   157.3    148.3   1
   154.4    151.2   1
   150.4    148.7   1
   142.1    148.0   1
   135.0    151.1   1
   128.5    147.9   1
   121.7    147.8   1
   117.5    147.4   1
   114.6    151.4   1
   111.1    149.0   1
   103.9    147.8   1
    98.5    150.0   1
    96.0    153.9   1
    95.6    152.3   1
    92.2    149.4   1
    86.6    148.4   1
    81.4    147.9   1
    75.3    151.1   1
    72.8    156.1   1
    72.8    155.6   1
    66.4    157.6   1
    58.6    162.2   1
    55.0    168.2   1
    52.2    175.3   1
    60.1    187.0   1
    68.7    202.4   1
    68.8    213.4   1
    77.4    216.8   1
    86.4    216.5   1
    94.5    213.0   1
    93.4    201.9   1
    88.9    187.9   1
    81.3    172.6   1
    73.8    156.7   1
    96.4    155.0   0
   103.3    166.6   1
   109.3    181.3   1
   112.2    196.2   1
   113.1    209.9   1
   109.5    215.9   1
   100.4    217.2   1
    95.0    214.1   1
   114.6    151.4   0
   121.1    166.1   1
   124.7    179.5   1
   128.5    201.8   1
   127.8    210.2   1
   123.2    214.5   1
   117.0    213.9   1
   114.1    211.0   1
   113.6    210.5   1
   135.0    151.6   0
   141.4    168.4   1
   144.8    189.6   1
   145.5    205.4   1
   139.6    212.2   1
   133.4    211.7   1
   128.2    210.7   1
   154.3    152.8   0
   156.5    169.2   1
   160.8    191.6   1
   159.3    203.0   1
   153.6    208.2   1
   145.4    206.5   1
   172.7    151.7   0
   176.4    168.8   1
   177.9    188.3   1
   178.0    198.8   1
   173.4    203.7   1
   167.0    205.2   1
   160.8    204.1   1
   186.7    147.7   0
   188.7    172.5   1
   190.3    195.7   1
   185.5    202.6   1
   178.8    202.0   1
   200.0    192.4   0
   195.9    197.8   1
   189.8    196.2   1
    51.6    176.8   0
    43.6    178.2   1
    34.9    182.1   1
    29.9    191.1   1
    28.6    200.4   1
    27.6    211.4   1
    38.4    213.9   1
    48.1    217.3   1
    54.2    224.7   1
    57.3    231.2   1
    63.2    223.4   1
    66.5    216.3   1
    68.8    213.4   1
    61.3    252.0   0
    62.1    242.1   1
    62.0    237.9   1
    59.7    233.5   1
    57.3    231.2   1
    28.4    214.0   0
    24.0    222.6   1
    23.1    233.5   1
    25.8    244.7   1
    29.8    252.4   1
    37.1    252.5   1
    47.7    251.3   1
    61.2    252.5   1
    61.2    252.5   0
    65.4    258.7   1
    68.6    270.5   1
    67.8    278.8   1
    63.3    276.3   1
    44.7    273.1   1
    39.2    276.8   1
    37.6    282.9   1
    33.7    280.0   1
    29.5    273.9   1
    28.0    266.9   1
    28.6    260.2   1
    30.3    253.0   1
    37.1    282.9   0
    41.8    300.6   1
    54.0    316.9   1
    59.9    309.5   1
    66.3    301.7   1
    73.8    300.8   1
    82.7    300.0   1
    76.3    290.0   1
    71.6    283.3   1
    67.8    278.8   1
    83.8    300.1   0
    90.4    295.9   1
   103.2    293.9   1
   116.1    296.1   1
   128.9    299.3   1
   134.8    304.0   1
   141.0    305.1   1
   142.5    305.7   1
   139.8    312.8   1
   132.5    318.5   1
   121.7    321.2   1
   107.9    323.1   1
    94.3    323.0   1
    80.3    321.8   1
    54.5    316.9   1
   143.1    304.7   0
   145.8    297.1   1
   147.2    287.8   1
   143.1    280.6   1
   138.2    277.1   1
   132.5    276.0   1
   124.7    275.9   1
   117.5    279.4   1
   113.5    283.8   1
   110.2    285.6   1
   104.5    284.6   1
   100.7    280.6   1
    98.8    277.8   1
    96.9    275.6   1
    96.7    271.9   1
    97.0    268.2   1
    95.0    273.8   1
    97.1    279.8   1
   102.8    286.0   1
   114.8    292.3   1
   122.5    294.6   1
   127.8    299.2   1
   113.0    294.8   0
   106.7    289.0   1
   271.5    171.4   0
   274.3    175.8   0
   268.2    179.5   1
   260.7    181.4   1
   250.4    179.5   1
   245.2    179.0   1
   277.0    192.8   0
   275.8    188.5   1
   273.5    185.2   1
   274.3    164.3   0
   279.8    161.1   1
   287.4    163.9   1
   291.6    163.2   1
   293.3    150.8   1
   293.5    141.9   1
   298.4    133.9   1
   305.3    126.7   1
   311.4    123.0   1
   325.0    117.4   1
   331.1    106.9   1
   328.4    102.5   1
   325.8     96.5   1
   317.0     94.7   1
   305.0     99.9   1
   297.6    107.1   1
   287.1    119.8   1
   283.7    134.2   1
   287.1    137.6   1
   296.0    137.4   1
   290.6    157.3   0
   291.6    157.9   1
   284.3    156.8   1
   282.2    151.4   1
   283.6    135.2   1
   282.7    151.9   0
   278.7    149.5   1
   274.5    149.1   1
   269.2    156.0   1
   332.2    107.0   0
   347.1    116.2   1
   356.3    118.5   1
   364.4    116.1   1
   370.2    115.6   1
   378.4    117.3   1
   390.9    124.2   1
   389.2    119.3   1
   384.4    114.7   1
   376.5    109.8   1
   373.9    109.6   1
   367.0    104.3   1
   363.5    101.9   1
   360.7     98.5   1
   359.5     94.2   1
   356.8     88.7   1
   350.3     85.5   1
   336.6     85.9   1
   330.0     90.1   1
   325.7     97.0   1
   362.6    100.2   0
   368.3     95.0   1
   377.9     93.2   1
   386.7     94.5   1
   390.7     96.9   1
   396.1    100.6   1
   397.8     99.1   1
   392.0     93.4   1
   386.1     89.2   1
   378.9     88.0   1
   368.9     88.2   1
   363.5     89.8   1
   358.6     92.6   1
   348.5    232.1   0
   354.9    231.0   1
   367.7    228.5   1
   378.0    223.6   1
   388.3    220.3   1
   390.1    217.9   1
   384.2    218.9   1
   372.0    220.5   1
   358.5    225.1   1
   348.5    226.3   1
   343.3    225.3   1
   236.0    146.3   0
   244.9    140.2   1
   245.8    136.7   1
   244.1    132.3   1
   238.5    123.4   1
   232.4    121.3   1
   227.1    123.0   1
   230.1    130.0   1
   236.3    137.4   1
   222.1    150.3   1
   238.5    124.0   0
   244.6    120.3   1
   250.1    111.4   1
   253.3    104.8   1
   253.2     99.6   1
   248.7     97.1   1
   243.9     97.7   1
   235.8    107.0   1
   228.1    122.5   1
   253.6    100.7   0
   259.2     97.0   1
   273.7     99.3   1
   278.3     99.7   1
   285.0     95.0   1
   286.4     85.7   1
   283.9     84.5   1
   283.1     87.5   1
   280.1     91.5   1
   275.2     93.1   1
   271.6     92.8   1
   267.0     91.9   1
   260.9     89.8   1
   253.5     90.7   1
   244.5     97.8   1
   268.5    163.8   0
   266.4    164.6   1
   262.7    164.8   1
   260.3    162.5   1
   262.0    160.6   1
   265.7    160.4   1
   269.1    163.3   1
   276.0    174.9   0
   280.1    175.3   1
   281.5    171.7   1
   279.9    171.6   1
   277.1    173.4   1
   274.5    173.2   1
   275.8    171.2   1
   279.6    169.5   1
   280.8    167.0   1
   279.3    166.8   1
   277.0    168.7   1
   274.9    168.5   1
   207.9    144.3   0
   210.4    139.3   1
   211.9    134.2   1
   210.0    132.0   1
   205.2    133.1   1
   201.8    136.5   1
   198.7    135.7   1
   198.4    138.8   1
   199.5    145.2   1
   210.0    132.5   0
   209.3    128.7   1
   207.1    123.8   1
   198.7    118.4   1
   184.2    115.6   1
   170.6    115.9   1
   171.4    112.3   1
   174.9    108.5   1
   175.9    102.8   1
   174.7     93.2   1
   174.4     83.8   1
   174.7     81.2   1
   170.1     79.7   1
   167.1     77.4   1
   163.1     87.5   1
   161.7    104.2   1
   162.0    112.6   1
   161.9    119.9   1
   165.1    124.4   1
   170.9    124.3   1
   170.6    115.9   1
   199.2    136.2   0
   195.8    132.8   1
   186.3    134.1   1
   178.1    131.8   1
   165.1    124.9   1
   174.6     81.7   0
   188.2     81.9   1
   201.3     76.2   1
   211.8     69.8   1
   215.0     63.2   1
   215.1     56.4   1
   210.1     52.9   1
   206.3     61.4   1
   198.0     66.5   1
   189.3     69.4   1
   180.2     71.7   1
   167.1     77.9   1
   214.6     55.4   0
   220.5     53.8   1
   226.7     49.1   1
   228.5     46.1   1
   228.7     44.0   1
   225.2     42.7   1
   223.6     48.3   1
   211.2     53.0   1
   154.5    150.7   0
   150.9    148.8   1
   135.5    145.9   1
   120.9    144.6   1
   106.6    141.2   1
    94.4    136.0   1
    86.7    129.0   1
    86.7    122.7   1
    94.2    120.8   1
   106.9    119.8   1
   122.4    121.7   1
   142.6    130.3   1
   154.2    135.5   1
   162.6    141.4   1
   161.6    147.1   1
    86.0    124.0   0
    83.0    104.0   1
    90.0     80.0   1
   105.0     70.0   1
   112.0     73.0   1
   101.0     97.0   1
   101.0    108.0   1
    97.0    120.0   1
    97.0    122.0   1
   113.0     76.0   0
   126.0     76.0   1
   150.0     72.0   1
   161.0     62.0   1
   162.0     51.0   1
   157.0     44.0   1
   151.0     55.0   1
   140.0     57.0   1
   126.0     58.0   1
   117.0     60.0   1
   113.0     65.0   1
   106.0     68.0   1
   105.0     70.0   1
   158.0     47.0   0
   165.0     45.0   1
   166.0     42.0   1
   168.0     38.0   1
   168.0     35.0   1
   170.0     36.0   1
   171.0     43.0   1
   171.0     47.0   1
   167.0     50.0   1
   163.0     51.0   1
   161.0     51.0   1
