   126.0    198.8   0
   167.1    213.9   1
   201.7    219.3   1
   228.8    219.3   1
   261.2    215.0   1
   362.9    193.4   1
   423.5    183.6   1
   475.5    179.3   1
   500.3    180.4   1
   532.8    197.7   1
   561.0    220.4   1
   569.6    223.7   1
   523.1    162.0   1
   519.8    149.0   1
   535.0    126.3   1
   557.7    103.5   1
   505.8    126.3   1
   459.2    139.3   1
   395.4    144.7   1
   308.8    123.0   1
   215.8    101.4   1
   173.6     96.0   1
   136.8     96.0   1
    96.7    100.3   1
    49.1    119.8   1
    37.2    130.6   1
    34.0    132.8   1
    32.9    136.0   1
    32.9    143.6   1
    47.0    155.5   1
    67.5    170.6   1
   105.4    191.2   1
   127.0    199.8   1
    83.8    160.9   0
    94.6    168.5   1
   108.6    166.3   1
   109.7    165.2   1
    93.5    162.0   0
    95.7    165.2   1
   101.1    164.1   1
    98.9    160.9   1
    95.7    159.8   1
    93.5    160.9   1
    32.9    137.1   0
    42.7    131.7   1
    62.1    129.5   1
    85.9    129.5   1
   101.1    129.5   1
   124.9    129.5   1
    78.3    116.5   0
    88.1    110.0   1
    98.9    106.8   1
   113.0     99.2   1
    91.3    115.4   0
   108.6    105.7   1
   122.7    101.4   1
   128.1     99.2   1
   109.7    117.6   0
   126.0    106.8   1
   118.4    119.8   0
   134.6    110.0   1
   150.9    105.7   1
   150.9    119.8   0
   170.3    107.9   1
   183.3    106.8   1
   169.2    120.9   0
   182.2    117.6   1
   196.3    111.1   1
   208.2    102.5   1
   217.9    150.1   0
   219.0    137.1   1
   229.8    115.4   1
   283.9     62.4   1
   276.4     61.4   1
   253.7     72.2   1
   220.1     90.6   1
   198.4    110.0   1
   179.0    136.0   1
   174.7    140.4   1
   169.2    140.4   1
   256.9     74.3   0
   261.2     75.4   1
   262.3     72.2   1
   238.5     83.0   0
   242.8     83.0   1
   243.9     79.7   1
   249.3     85.1   0
   254.7     84.1   1
   255.8     81.9   1
   229.8     91.6   0
   234.2     91.6   1
   234.2     89.5   1
   241.8     94.9   0
   241.8     99.2   1
   236.3     99.2   1
   222.3    101.4   0
   222.3    104.6   1
   221.2    110.0   1
   207.1    121.9   0
   212.5    124.1   1
   212.5    118.7   1
   222.3    117.6   0
   222.3    123.0   1
   220.1    124.1   1
   189.8    139.3   0
   196.3    139.3   1
   195.2    133.9   1
   209.3    140.4   0
   213.6    137.1   1
   211.4    134.9   1
   208.2    104.6   0
   208.2    111.1   1
   207.1    113.3   1
   197.4    113.3   0
   207.1    104.6   1
   375.9    138.2   0
   394.3    132.8   1
   364.0    125.2   1
   338.1    127.4   1
   328.3    128.4   1
   332.6    128.4   1
   372.7    139.3   1
   350.0    131.7   0
   360.8    129.5   1
   364.0    128.4   1
   356.5    136.0   0
   368.3    133.9   1
   369.4    131.7   1
   370.5    137.1   0
   378.1    133.9   1
   381.3    131.7   1
   175.7    213.9   0
   199.5    234.5   1
   247.2    238.8   1
   275.3    237.7   1
   292.6    234.5   1
   298.0    225.8   1
   296.9    220.4   1
   290.4    215.0   1
   287.2    211.8   1
   197.4    226.9   0
   207.1    229.1   1
   207.1    224.7   1
   223.3    229.1   0
   230.9    233.4   1
   233.1    231.2   1
   242.8    230.2   0
   247.2    232.3   1
   249.3    228.0   1
   282.9    219.3   0
   282.9    222.6   1
   277.5    224.7   1
   276.4    222.6   1
   268.8    225.8   0
   268.8    231.2   1
   262.3    230.2   1
   261.2    229.1   1
   248.2    221.5   0
   252.6    223.7   1
   258.0    222.6   1
   265.6    217.2   0
   267.7    220.4   1
   276.4    218.3   1
   289.3    225.8   0
   287.2    230.2   1
   282.9    229.1   1
   276.4    231.2   0
   272.0    235.6   1
   251.5    234.5   0
   258.0    236.7   1
   259.1    233.4   1
   236.3    222.6   0
   236.3    228.0   1
   232.0    225.8   1
   217.9    224.7   0
   215.8    226.9   1
   212.5    224.7   1
   217.9    231.2   0
   213.6    234.5   1
   210.3    232.3   1
   150.9    207.4   0
   184.4    207.4   1
   208.2    198.8   1
   212.5    193.4   1
   199.5    216.1   0
   238.5    205.3   1
   253.7    194.4   1
   258.0    190.1   1
   253.7    216.1   0
   277.5    202.0   1
   291.5    195.5   1
   294.8    195.5   1
   296.9    204.2   0
   319.6    192.3   1
   333.7    186.9   1
   343.5    196.6   0
   359.7    186.9   1
   379.2    183.6   1
   391.1    180.4   1
   401.9    183.6   0
   423.5    179.3   1
   438.7    175.0   1
   453.8    173.9   1
   462.5    177.1   0
   477.6    169.6   1
   490.6    165.2   1
   491.7    163.1   1
   189.8    182.5   0
   196.3    183.6   1
   543.7    204.2   0
   561.0    211.8   1
   533.9    196.6   1
   551.2    200.9   1
   522.0    187.9   1
   544.7    190.1   1
   512.3    177.1   1
   533.9    178.2   1
   509.0    168.5   1
   525.3    164.1   1
   505.8    162.0   1
   522.0    157.7   1
   503.6    154.4   1
   526.3    140.4   1
   502.5    143.6   1
   532.8    130.6   1
   506.8    133.9   1
   538.2    126.3   1
   512.3    126.3   1
   541.5    118.7   1
   529.6    118.7   1
   550.1    112.2   1
   369.4    138.2   0
   360.8    136.0   1
   235.3    126.3   0
   235.3    120.9   1
   250.4    131.7   0
   250.4    121.9   1
    47.0    144.7   0
    52.4    143.6   1
   473.3     99.2   0
   464.7     99.2   1
   461.4     99.2   1
   461.4     96.0   1
   464.7     96.0   1
   470.1     96.0   1
   473.3     96.0   1
   473.3     98.1   1
   461.4     97.0   0
   459.2     97.0   1
   453.8    100.3   1
   448.4     98.1   1
   448.4     93.8   1
   449.5     92.7   1
   450.8     92.8   1
   451.7     92.2   1
   455.3     92.5   1
   461.6     90.1   0
   453.8     85.0   1
   448.0     85.3   1
   441.9     87.3   1
   441.9     89.5   1
   444.1     89.5   1
   446.3     88.4   1
   452.8     87.3   1
   456.0     91.6   1
   461.0     89.2   0
   460.3     85.1   1
   455.9     83.2   1
   450.2     81.4   1
   451.7     79.7   1
   451.7     79.0   1
   463.6     83.0   1
   464.0     87.7   1
   473.7     94.7   0
   476.6     97.0   1
   479.8     96.0   1
   485.2     91.6   1
   491.7     88.4   1
   497.1     91.6   1
   501.4     94.9   1
   503.6     96.0   1
   511.5     90.7   1
   511.2     89.2   1
   508.1     89.8   1
   504.7     92.7   1
   496.0     85.1   1
   491.7     84.1   1
   487.4     84.1   1
   477.6     90.6   1
   467.9     87.3   1
   464.4     87.7   1
   497.9     97.4   0
   500.3     95.0   1
   497.0     97.4   0
   491.7     92.7   1
   486.4     91.6   1
   456.8     91.3   0
   453.8     91.9   1
   452.6     89.8   1
   450.5     90.4   1
   450.5     92.5   1
   457.7     91.6   0
   459.2     90.6   1
   471.1     90.6   1
   471.9     90.4   1
   474.6     90.4   1
   473.3     96.0   1
   466.8     96.0   1
   471.1     96.0   1
   470.1     93.8   1
   470.1     94.9   1
   462.5     94.9   1
   466.8     94.9   1
