    78.0    371.0   0
    62.0    353.0   1
    51.0    336.0   1
    46.0    313.0   1
    48.0    283.0   1
    57.0    257.0   1
    75.0    215.0   1
    78.0    371.0   0
   143.0    430.0   1
   168.0    458.0   1
   185.0    473.0   1
   182.0    454.0   1
   181.0    443.0   1
   176.0    410.0   1
   159.0    376.0   1
   127.0    338.0   1
   118.0    317.0   1
   113.0    295.0   1
   102.0    212.0   1
   109.0    224.0   1
   123.0    232.0   1
   130.0    232.0   1
   122.0    226.0   1
   112.0    214.0   1
   135.0    230.0   1
   149.0    239.0   1
   164.0    247.0   1
   174.0    247.0   1
   160.0    239.0   1
   144.0    229.0   1
   136.0    221.0   1
   149.0    227.0   1
   160.0    229.0   1
   166.0    226.0   1
   171.0    221.0   1
   162.0    222.0   1
   159.0    223.0   1
   153.0    222.0   1
   142.0    216.0   1
   121.0    232.0   0
   171.0    322.0   1
   223.0    393.0   1
   272.0    441.0   1
   301.0    466.0   1
   303.0    442.0   1
   304.0    423.0   1
   297.0    398.0   1
   284.0    373.0   1
   267.0    346.0   1
   240.0    312.0   1
   202.0    277.0   1
   173.0    247.0   1
   155.0    230.0   1
    86.0    251.0   0
    73.0    284.0   1
    69.0    310.0   1
    79.0    343.0   1
    89.0    357.0   1
   132.0    402.0   1
   166.0    436.0   1
   156.0    407.0   1
   143.0    386.0   1
   126.0    364.0   1
   113.0    348.0   1
   103.0    325.0   1
   100.0    303.0   1
    99.0    283.0   1
    94.0    263.0   1
    87.0    252.0   1
    87.0    252.0   0
    89.0    246.0   1
   140.0    236.0   0
   160.0    274.0   1
   185.0    319.0   1
   223.0    363.0   1
   252.0    396.0   1
   286.0    437.0   1
   282.0    416.0   1
   276.0    394.0   1
   263.0    371.0   1
   244.0    339.0   1
   228.0    320.0   1
   207.0    294.0   1
   183.0    269.0   1
   163.0    247.0   1
    75.0    216.0   0
    80.0    206.0   1
    83.0    201.0   1
    79.0    206.0   0
    72.0    205.0   1
    64.0    199.0   1
    57.0    189.0   1
    88.0    162.0   0
    98.0    192.0   1
   105.0    203.0   1
   107.0    205.0   1
   110.0    206.0   1
   114.0    209.0   1
   120.0    210.0   1
   126.0    206.0   1
   129.0    200.0   1
   131.0    190.0   1
   131.0    183.0   1
   100.0    196.0   0
    95.0    195.0   1
    89.0    190.0   1
    84.0    182.0   1
    81.0    176.0   1
   102.0    199.0   0
    94.0    195.0   1
   122.0    210.0   0
   132.0    211.0   1
   138.0    210.0   1
   153.0    201.0   1
   164.0    193.0   1
   171.0    186.0   1
   157.0    154.0   0
   160.0    170.0   1
   163.0    178.0   1
   166.0    184.0   1
   174.0    190.0   1
   177.0    188.0   1
   179.0    184.0   1
   181.0    170.0   1
   181.0    167.0   1
   170.0    188.0   0
   167.0    175.0   1
   166.0    168.0   1
   173.0    181.0   0
   171.0    171.0   1
   169.0    163.0   1
   168.0    144.0   1
   170.0    121.0   1
   175.0    124.0   1
   181.0    133.0   1
   172.0    178.0   0
   176.0    175.0   1
   178.0    170.0   1
   179.0    166.0   1
   181.0    160.0   1
   182.0    151.0   1
   182.0    143.0   1
   181.0    134.0   1
   170.0    137.0   0
   171.0    141.0   1
   175.0    141.0   1
   177.0    138.0   1
   177.0    133.0   1
   176.0    128.0   1
   176.0    130.0   0
   175.0    125.0   1
   180.0    130.0   0
   186.0    127.0   1
   195.0    120.0   1
   202.0    111.0   1
   206.0    100.0   1
   208.0     87.0   1
   207.0     76.0   1
   203.0     88.0   1
   201.0     99.0   1
   201.0     90.0   1
   203.0     79.0   1
   205.0     74.0   1
   199.0     82.0   1
   199.0     88.0   1
   197.0     93.0   1
   194.0     95.0   1
   197.0     88.0   1
   199.0     76.0   1
   199.0     73.0   1
   197.0     70.0   1
   195.0     76.0   1
   192.0     84.0   1
   187.0     89.0   1
   191.0     83.0   1
   192.0     78.0   1
   192.0     73.0   1
   189.0     68.0   1
   186.0     64.0   1
   183.0     62.0   1
   185.0     74.0   1
   184.0     76.0   1
   181.0     68.0   1
   177.0     64.0   1
    58.0    192.0   0
    49.0    175.0   1
    41.0    146.0   1
    36.0    113.0   1
    36.0    115.0   0
    45.0    124.0   1
    49.0    127.0   1
    56.0    128.0   1
    66.0    129.0   1
    78.0    128.0   1
    96.0    124.0   1
   117.0    118.0   1
   129.0    116.0   1
   151.0    115.0   1
   159.0    117.0   1
   163.0    112.0   1
   168.0    110.0   1
   172.0    110.0   1
   174.0    112.0   1
   174.0    118.0   1
   170.0    123.0   1
   166.0    123.0   1
   159.0    122.0   1
   156.0    121.0   1
   158.0    118.0   1
   106.0    122.0   0
    98.0    147.0   1
    97.0    160.0   1
   106.0    182.0   1
   108.0    188.0   1
   111.0    191.0   1
   114.0    191.0   1
   118.0    189.0   1
   117.0    190.0   0
   121.0    185.0   1
   126.0    176.0   1
   128.0    168.0   1
   130.0    145.0   1
   129.0    138.0   1
   128.0    130.0   1
   125.0    117.0   1
   103.0    136.0   0
   105.0    144.0   1
   110.0    146.0   1
   115.0    143.0   1
   117.0    138.0   1
   119.0    132.0   1
   118.0    123.0   1
   116.0    119.0   1
   146.0    127.0   0
   151.0    131.0   1
   157.0    134.0   1
   162.0    134.0   1
   149.0    136.0   0
   154.0    140.0   1
   159.0    141.0   1
    37.0    116.0   0
    32.0    110.0   1
    25.0     97.0   1
    20.0     78.0   1
    27.0     91.0   1
    30.0     98.0   1
    34.0    101.0   1
    29.0     91.0   1
    26.0     85.0   1
    22.0     73.0   1
    29.0     82.0   1
    33.0     90.0   1
    31.0     81.0   1
    29.0     79.0   1
    23.0     72.0   1
    23.0     71.0   1
    22.0     66.0   1
    28.0     72.0   1
    32.0     78.0   1
    28.0     69.0   1
    27.0     62.0   1
    29.0     58.0   1
    30.0     56.0   1
    32.0     64.0   1
    34.0     73.0   1
    36.0     78.0   1
    36.0     69.0   1
    38.0     65.0   1
    42.0     61.0   1
    53.0     58.0   1
    64.0     55.0   1
    75.0     53.0   1
    84.0     50.0   1
    77.0     67.0   0
    82.0     56.0   1
    88.0     49.0   1
    92.0     43.0   1
    98.0     40.0   1
   113.0     38.0   1
   122.0     39.0   1
   133.0     42.0   1
   140.0     47.0   1
   145.0     53.0   1
   150.0     66.0   1
   154.0     75.0   1
   143.0     51.0   0
   154.0     52.0   1
   165.0     57.0   1
   174.0     62.0   1
   178.0     66.0   1
    82.0     96.0   0
    85.0     80.0   1
    87.0     73.0   1
    96.0     59.0   1
   102.0     53.0   1
   112.0     50.0   1
   124.0     52.0   1
   132.0     56.0   1
   139.0     65.0   1
   142.0     74.0   1
   143.0     81.0   1
   141.0     71.0   1
   140.0     68.0   0
   146.0     75.0   1
   151.0     81.0   1
   162.0     85.0   1
   174.0     92.0   1
   182.0     94.0   1
    82.0     95.0   0
   102.0    100.0   1
   124.0    104.0   1
   146.0    107.0   1
   154.0    108.0   1
   160.0    116.0   0
   156.0    113.0   1
   153.0    110.0   1
   152.0    108.0   1
   150.0    105.0   1
   150.0     99.0   1
   151.0     97.0   1
   153.0     96.0   1
   157.0     97.0   1
   161.0     99.0   1
   162.0     96.0   1
   165.0     94.0   1
   170.0     95.0   1
   172.0    104.0   1
   184.0     92.0   1
   150.0     97.0   0
   148.0     92.0   1
   139.0     86.0   1
   136.0     84.0   1
   136.0     82.0   1
   139.0     80.0   1
   146.0     78.0   1
   154.0     84.0   1
   162.0     90.0   1
   168.0     94.0   1
   142.0     80.0   0
   150.0     87.0   1
   154.0     91.0   1
   159.0     95.0   1
   160.0     99.0   1
    84.0     85.0   0
    89.0     86.0   1
    95.0     84.0   1
   102.0     78.0   1
   108.0     72.0   1
   110.0     69.0   1
    96.0     83.0   0
   104.0     84.0   1
   116.0     78.0   1
   127.0     68.0   1
   131.0     61.0   1
   131.0     57.0   1
   154.0    101.0   0
   124.0    102.0   1
   116.0    100.0   1
    91.0     96.0   1
    42.0     82.0   1
    35.0     79.0   1
   154.0    106.0   0
   136.0    110.0   1
   103.0    105.0   1
    65.0    100.0   1
    42.0     92.0   1
    13.0     77.0   1
   157.0    110.0   0
   131.0    113.0   1
    93.0    115.0   1
    66.0    112.0   1
    43.0    107.0   1
    12.0     96.0   1
   167.0     97.0   0
   188.0     99.0   1
   212.0     96.0   1
   222.0     92.0   1
   167.0    101.0   0
   191.0    106.0   1
   214.0    108.0   1
   230.0    105.0   1
   169.0    105.0   0
   188.0    116.0   1
   211.0    122.0   1
   230.0    119.0   1
   142.0    216.0   0
   138.0    212.0   1
   137.0    210.0   1
