    61.2    252.2   0
    83.2    244.2   1
   130.2    265.2   1
   149.2    286.2   1
   172.2    315.2   1
   205.2    337.2   1
   263.2    341.2   1
   296.2    333.2   1
   314.2    324.2   1
   313.2    313.2   1
   304.2    313.2   1
   293.2    309.2   1
   277.2    285.2   1
   264.2    267.2   1
   271.2    265.2   1
   291.2    277.2   1
   298.2    291.2   1
   303.2    281.2   1
   305.2    277.2   1
   320.2    284.2   0
   312.2    295.2   1
   303.2    312.2   1
   313.2    296.2   0
   351.2    300.2   1
   352.2    317.2   1
   337.2    316.2   1
   336.2    313.2   1
   347.2    299.2   1
   334.2    305.2   0
   314.2    303.2   1
   314.2    314.2   1
   333.2    308.2   0
   322.2    325.2   1
   315.2    323.2   1
   311.2    320.2   1
   287.2    300.2   0
   268.2    305.2   1
   272.2    280.2   1
   250.2    271.2   1
   252.2    260.2   1
   261.2    252.2   1
   272.2    251.2   1
   278.2    257.2   1
   277.2    264.2   1
   277.2    268.2   1
   274.2    247.2   0
   253.2    247.2   1
   248.2    246.2   1
   250.2    236.2   1
   258.2    229.2   1
   266.2    225.2   1
   272.2    224.2   1
   274.2    227.2   1
   275.2    240.2   1
   276.2    246.2   1
   275.2    247.2   1
   289.2    272.2   1
   260.2    225.2   0
   259.2    210.2   1
   249.2    199.2   1
   263.2    192.2   1
   277.2    195.2   1
   282.2    197.2   1
   282.2    209.2   1
   277.2    217.2   1
   265.2    216.2   1
   258.2    209.2   1
   262.2    194.2   0
   264.2    177.2   1
   257.2    163.2   1
   266.2    158.2   1
   279.2    158.2   1
   285.2    162.2   1
   284.2    181.2   1
   274.2    181.2   1
   264.2    175.2   1
   275.2    225.2   0
   287.2    211.2   1
   290.2    211.2   1
   287.2    209.2   1
   290.2    199.2   1
   291.2    198.2   1
   285.2    186.2   1
   285.2    177.2   1
   289.2    154.2   1
   304.2    136.2   1
   323.2    131.2   1
   338.2    131.2   1
   348.2    142.2   1
   352.2    158.2   1
   352.2    180.2   1
   352.2    195.2   1
   359.2    205.2   1
   366.2    202.2   1
   376.2    195.2   1
   385.2    195.2   1
   390.2    194.2   1
   389.2    205.2   1
   389.2    209.2   1
   381.2    209.2   1
   376.2    214.2   1
   376.2    217.2   1
   376.2    218.2   1
   386.2    220.2   1
   397.2    220.2   1
   400.2    220.2   1
   395.2    213.2   1
   391.2    209.2   1
   388.2    209.2   1
   331.2    198.2   0
   343.2    213.2   1
   355.2    218.2   1
   366.2    218.2   1
   375.2    219.2   1
   377.2    219.2   1
   366.2    225.2   0
   350.2    229.2   1
   341.2    236.2   1
   332.2    236.2   1
   338.2    227.2   1
   347.2    224.2   1
   359.2    224.2   1
   363.2    225.2   1
   366.2    225.2   1
   348.2    222.2   0
   339.2    218.2   1
   328.2    218.2   1
   324.2    220.2   1
   340.2    218.2   0
   326.2    212.2   1
   389.2    197.2   0
   391.2    194.2   1
   402.2    197.2   1
   408.2    207.2   1
   400.2    223.2   1
   395.2    229.2   1
   386.2    228.2   1
   396.2    230.2   0
   398.2    245.2   1
   394.2    257.2   1
   379.2    273.2   1
   373.2    285.2   1
   358.2    294.2   1
   349.2    296.2   1
   341.2    299.2   1
   363.2    295.2   0
   374.2    308.2   1
   378.2    315.2   1
   382.2    316.2   1
   388.2    300.2   1
   390.2    287.2   1
   396.2    278.2   1
   404.2    269.2   1
   408.2    266.2   1
   394.2    265.2   1
   383.2    273.2   1
   383.2    285.2   1
   380.2    294.2   1
   376.2    280.2   1
   376.2    246.2   0
   370.2    264.2   1
   363.2    277.2   1
   407.2    204.2   0
   413.2    180.2   1
   413.2    153.2   1
   401.2    139.2   1
   391.2    138.2   1
   388.2    138.2   1
   397.2    195.2   0
   396.2    186.2   1
   393.2    174.2   1
   399.2    171.2   1
   403.2    172.2   1
   407.2    169.2   1
   407.2    160.2   1
   403.2    154.2   1
   394.2    155.2   1
   389.2    157.2   1
   397.2    156.2   1
   390.2    142.2   1
   378.2    130.2   1
   367.2    128.2   1
   354.2    128.2   1
   343.2    132.2   1
   342.2    136.2   1
   374.2    136.2   0
   356.2    128.2   1
   379.2    156.2   0
   370.2    150.2   1
   362.2    149.2   1
   354.2    150.2   1
   349.2    150.2   1
   353.2    167.2   0
   369.2    167.2   1
   373.2    173.2   1
   378.2    183.2   1
   378.2    189.2   1
   381.2    192.2   1
   385.2    182.2   1
   385.2    172.2   1
   381.2    169.2   1
   375.2    166.2   1
   369.2    166.2   1
   367.2    166.2   1
   385.2    171.2   0
   392.2    172.2   1
   396.2    175.2   1
   388.2    183.2   0
   396.2    185.2   1
   376.2    178.2   0
   366.2    181.2   1
   359.2    177.2   1
   358.2    183.2   1
   355.2    179.2   1
   350.2    179.2   1
   348.2    129.2   0
   335.2    115.2   1
   323.2    115.2   1
   321.2    132.2   1
   303.2    131.2   1
   302.2    121.2   1
   304.2    112.2   1
   303.2    105.2   1
   315.2    111.2   1
   322.2    118.2   1
   303.2    139.2   0
   285.2    129.2   1
   278.2    128.2   1
   279.2    135.2   1
   284.2    146.2   1
   289.2    153.2   1
   289.2    154.2   1
   300.2    126.2   0
   290.2    131.2   1
   281.2    144.2   0
   271.2    158.2   1
   411.2    147.2   0
   413.2     95.2   1
   407.2     78.2   1
   402.2     66.2   1
   389.2     58.2   1
   350.2     60.2   1
   341.2     64.2   1
   351.2     78.2   1
   359.2     88.2   1
   371.2     95.2   1
   378.2     91.2   1
   388.2     85.2   1
   341.2     66.2   0
   341.2     83.2   1
   349.2     90.2   1
   358.2     92.2   1
   364.2     93.2   1
   362.2     95.2   1
   365.2    104.2   1
   369.2    111.2   1
   373.2    124.2   1
   372.2    129.2   1
   338.2    115.2   0
   347.2    108.2   1
   351.2    112.2   1
   351.2    123.2   1
   350.2    130.2   1
   325.2    115.2   0
   318.2    103.2   1
   298.2     95.2   1
   271.2     90.2   1
   247.2     91.2   1
   222.2     96.2   1
   198.2    105.2   1
   193.2    109.2   1
   191.2     93.2   1
   185.2     88.2   1
   193.2    111.2   0
   190.2    164.2   1
   216.2    167.2   1
   229.2    173.2   1
   242.2    179.2   1
   194.2     95.2   0
   216.2     90.2   1
   227.2     77.2   1
   232.2     60.2   1
   229.2     54.2   1
   221.2     54.2   1
   216.2     72.2   1
   213.2     79.2   1
   203.2     81.2   1
   199.2     83.2   1
   219.2     53.2   0
   199.2     50.2   1
   175.2     51.2   1
   153.2     62.2   1
   138.2     82.2   1
   138.2     97.2   1
   138.2    117.2   1
   138.2    135.2   1
   139.2    157.2   1
   144.2    188.2   1
   147.2    192.2   1
   159.2    203.2   1
   170.2    215.2   1
   182.2    229.2   1
   188.2    239.2   1
   194.2    244.2   1
   183.2    235.2   0
   183.2    246.2   1
   136.2    126.2   0
   110.2    131.2   1
    92.2    120.2   1
    76.2    113.2   1
    58.2    114.2   1
    51.2    114.2   1
    46.2    107.2   1
    43.2    103.2   1
    60.2     98.2   1
    70.2     84.2   1
    69.2     65.2   1
    57.2     61.2   1
    58.2     73.2   1
    59.2     84.2   1
    56.2     91.2   1
    42.2     98.2   1
    57.2     63.2   0
    43.2     63.2   1
    43.2     80.2   1
    36.2     92.2   1
    24.2     94.2   1
    39.2     63.2   0
    19.2     62.2   1
    11.2     71.2   1
     9.2     80.2   1
     9.2     99.2   1
     9.2    122.2   1
    15.2    138.2   1
    28.2    147.2   1
    37.2    156.2   1
    40.2    172.2   1
    51.2    191.2   1
    59.2    212.2   1
    62.2    221.2   1
    71.2    232.2   1
    65.2    229.2   1
    57.2    234.2   1
    54.2    244.2   1
    59.2    251.2   1
    64.2    252.2   1
   385.2    227.2   0
   399.2    225.2   1
