    77.6    266.0   0
   104.5    274.9   1
   155.3    268.9   1
   167.2    292.8   1
   197.1    325.7   1
   218.0    361.5   1
   226.9    367.5   1
   226.9    379.4   1
   232.9    388.4   1
   235.9    373.5   1
   253.8    373.5   1
   259.8    382.4   1
   259.8    364.5   1
   265.8    352.6   1
   268.7    343.6   1
   265.8    334.6   1
   274.7    316.7   1
   274.7    307.8   1
   280.7    301.8   1
   271.7    283.9   1
   265.8    280.9   1
   256.8    289.9   1
   247.8    295.8   1
   238.9    298.8   1
   238.9    289.9   1
   232.9    280.9   1
   229.9    257.0   1
   223.9    239.1   1
   226.9    206.2   1
   218.0    191.3   1
   209.0    179.4   1
   185.1    125.6   1
   188.1    107.7   1
   176.2     95.8   1
   179.2     74.9   1
   173.2     62.9   1
   179.2     45.0   1
   164.2     45.0   1
   164.2     74.9   1
   164.2    101.7   1
   158.3    110.7   1
   170.2    128.6   1
   158.3    176.4   1
   131.4    170.4   1
   119.4    176.4   1
   119.4    161.5   1
   104.5    140.6   1
    95.6    122.6   1
    98.5     83.8   1
   107.5     56.9   1
   116.5     45.0   1
   101.5     45.0   1
    95.6     56.9   1
    89.6     62.9   1
    86.6     83.8   1
    80.6    128.6   1
    86.6    140.6   1
    89.6    164.4   1
    83.6    194.3   1
    56.7    149.5   1
    59.7    131.6   1
    50.8    119.6   1
    50.8    113.7   1
    44.8    104.7   1
    50.8     74.9   1
    44.8     59.9   1
    50.8     45.0   1
    35.8     45.0   1
    29.9     59.9   1
    35.8     74.9   1
    38.8    128.6   1
    35.8    134.6   1
    47.8    155.5   1
    44.8    179.4   1
    47.8    200.3   1
    53.7    242.1   1
    77.6    266.0   1
    53.7    242.1   0
    35.8    197.3   1
    35.8    164.4   1
    29.9    140.6   1
    47.8    170.4   1
   119.4    173.4   0
    89.6    200.3   1
    83.6    194.3   1
   173.2     45.0   0
   170.2     59.9   1
   170.2     74.9   1
   173.2    101.7   1
   179.2    110.7   1
   176.2    119.6   1
   185.1    164.4   1
   179.2    179.4   1
   185.1    164.4   1
   197.1    179.4   1
   155.3    268.9   0
   170.2    274.9   1
   185.1    289.9   1
   200.1    319.7   1
   223.9    361.5   1
   226.9    370.5   1
   238.9    298.8   0
   223.9    313.7   1
   218.0    334.6   1
   235.9    373.5   0
   259.8    346.6   1
   262.8    352.6   1
   232.9    337.6   0
   238.9    340.6   1
   244.9    334.6   1
   235.9    331.7   1
   232.9    337.6   1
   268.7    283.9   0
   253.8    298.8   1
   247.8    298.8   1
   238.9    298.8   1
   274.7    289.9   0
   268.7    292.8   1
   262.8    301.8   1
   265.8    307.8   1
