   198.5    334.8   0
   201.5    340.7   1
   201.5    346.6   1
   201.5    355.4   1
   200.5    359.3   1
   200.5    361.2   1
   215.2    373.0   1
   202.4    384.7   1
   189.7    370.0   1
   183.9    373.9   1
   179.0    377.9   1
   184.8    396.5   1
   169.2    398.4   1
   163.3    383.7   1
   147.7    383.7   1
   136.9    376.9   1
   124.2    366.1   1
   116.3    356.3   1
   109.5    345.6   1
   101.7    332.8   1
    97.8    321.1   1
    97.8    300.6   1
   105.6    287.8   1
   115.4    282.0   1
   131.0    277.1   1
   153.5    282.9   1
   169.2    294.7   1
   179.9    307.4   1
   183.9    310.3   1
   197.6    334.8   0
   203.4    327.0   1
   210.3    318.2   1
   216.1    310.4   1
   219.1    303.5   1
   207.3    297.6   1
   219.1    285.9   1
   228.9    274.1   1
   234.7    259.5   1
   240.6    246.8   1
   244.5    235.0   1
   230.8    232.1   1
   237.7    218.4   1
   245.5    201.7   1
   252.4    180.2   1
   258.2    154.8   1
   243.6    154.8   1
   235.7    121.5   1
   236.7    121.5   0
   271.9    133.3   1
   290.5    143.0   1
   316.9    151.9   1
   335.5    156.7   1
   355.1    154.8   1
   374.7    145.0   1
   384.5    127.4   1
   385.4    102.0   1
   376.6     83.4   1
   357.1     69.7   1
   320.9     65.7   1
   295.4     65.7   1
   269.0     68.7   1
   240.6     79.4   1
   226.0     87.3   1
   222.0     92.2   1
   105.6    285.9   0
    97.8    264.4   1
    89.0    232.1   1
    89.0    195.9   1
    96.8    152.8   1
   111.5    121.5   1
   135.0    105.8   1
   170.2    100.0   1
   198.6    105.9   1
   197.6     80.4   1
   180.0     80.4   1
   167.2     74.5   1
   165.3     61.8   1
   168.2     56.9   1
   185.8     55.0   1
   203.5     55.0   1
   212.3     55.0   1
   220.1     59.9   1
   222.0     71.6   1
   222.0     85.3   1
   226.9     98.0   1
   229.9    110.7   1
   235.7    120.5   1
   160.4     99.0   0
   160.4     77.5   1
   150.6     77.5   1
   134.0     74.5   1
   132.0     66.7   1
   132.0     57.9   1
   148.7     56.9   1
   166.3     56.9   1
   183.9    101.0   0
   182.9     79.4   1
   196.6    246.8   0
   200.5    217.4   1
   200.5    199.8   1
   200.5    184.1   1
   194.6    177.3   1
   184.9    173.4   1
   174.1    172.4   1
   164.3    176.3   1
   155.5    192.0   1
   153.5    209.6   1
   153.5    221.3   1
   153.5    239.9   1
   153.5    244.8   1
    92.9    250.7   0
    73.3    234.0   1
    51.8    202.7   1
    47.9    181.2   1
    51.8    167.5   1
    65.5    163.6   1
    84.1    168.5   1
    90.9    177.3   1
   134.0    275.1   0
   133.0    260.4   1
   117.3    261.4   1
   120.3    279.0   1
   117.3    261.4   1
   107.5    263.4   1
   110.5    282.9   1
   362.9    130.3   0
   281.7    127.4   1
   360.0    116.6   0
   274.9    116.6   1
   358.0    100.0   0
   278.8    103.9   1
   351.2     80.4   0
   272.9     88.2   1
   352.2    142.1   0
   317.9     72.6   1
   319.9    138.2   0
   289.6     78.5   1
   295.4    133.3   0
   267.0     75.5   1
   124.2    308.4   0
   131.0    305.5   1
   134.0    301.5   1
   133.0    294.7   1
   127.1    293.7   1
   123.2    293.7   1
   120.3    293.7   1
   114.4    294.7   1
   114.4    299.6   1
   112.4    304.5   1
   113.4    305.4   1
   119.3    306.4   1
   124.2    308.4   1
   136.9    355.4   0
   138.8    351.4   1
   137.9    348.5   1
   134.9    347.5   1
   133.0    347.5   1
   133.0    348.5   1
   133.0    351.4   1
   134.0    353.4   1
   136.9    355.4   1
   136.9    355.4   1
   137.9    354.4   1
   163.3    347.5   0
   165.3    344.6   1
   164.3    341.7   1
   159.4    339.7   1
   158.4    344.6   1
   161.4    345.6   1
   163.3    346.5   1
  -236.9    385.6   0
  -236.9    385.6   1
