   202.3    320.6   0
   201.7    333.6   1
   195.6    347.5   1
   189.2    360.1   1
   180.1    373.1   1
   170.2    382.0   1
   154.0    387.8   1
   139.4    386.0   1
   135.4    379.6   1
   133.3    375.7   1
   143.8    378.1   1
   148.4    380.2   1
   154.0    379.2   1
   162.7    371.9   1
   167.0    364.0   1
   171.1    354.7   1
   174.7    342.6   1
   179.7    330.3   1
   180.5    318.7   1
   181.3    307.1   1
   192.9    307.9   1
   198.9    309.7   1
   199.9    315.3   1
   203.2    317.6   1
   206.0    317.1   1
   202.8    323.4   1
   180.2    308.7   0
   174.1    307.0   1
   175.5    306.7   0
   165.2    321.4   1
   161.3    323.5   1
   151.2    331.0   1
   142.2    336.9   1
   122.4    346.1   1
   106.2    351.8   1
    89.6    354.8   1
    79.9    356.5   1
    66.9    355.9   1
   171.1    306.1   0
   156.7    305.7   1
   147.2    300.3   1
   143.9    298.0   1
   142.8    299.6   0
   133.6    312.7   1
   121.0    322.1   1
   106.5    328.9   1
    87.8    336.5   1
    70.0    341.1   1
    63.3    343.7   1
    47.9    337.8   1
    45.3    331.1   1
    42.7    324.4   1
    40.8    337.6   1
    47.1    349.4   1
    55.0    353.7   1
    63.0    358.0   1
    69.9    356.8   1
    57.2    341.9   0
    55.0    353.7   1
    75.7    357.2   0
    71.6    342.2   1
   122.6    347.5   0
   113.7    337.6   1
   110.6    328.2   1
   146.1    334.8   0
   131.3    331.7   1
   128.2    322.2   1
   157.4    325.6   0
   139.9    315.8   1
   137.8    311.9   1
   145.0    385.1   0
   145.6    380.7   1
   174.1    379.9   0
   165.7    372.8   1
   181.9    367.1   0
   174.2    364.2   1
   170.9    361.9   1
   191.3    355.4   0
   177.8    352.1   1
   191.5    308.2   0
   203.9    297.4   1
   208.2    289.5   1
   211.8    293.2   1
   207.0    306.9   1
   202.7    314.8   1
   189.9    307.0   0
   197.0    298.6   1
   200.8    287.9   1
   199.4    279.6   1
   195.1    271.8   1
   194.5    284.8   1
   191.6    292.4   1
   186.8    297.6   1
   194.3    283.4   0
   191.4    266.7   1
   187.1    258.9   1
   183.8    256.6   1
   183.7    263.8   1
   185.1    272.1   1
   184.7    277.9   1
   181.6    284.2   1
   179.8    290.2   1
   177.0    290.7   1
   172.4    297.2   1
   169.6    297.7   1
   160.8    296.4   1
   156.2    294.4   1
   148.5    291.4   1
   143.0    292.4   1
   140.7    295.7   1
   142.5    298.2   1
   142.1    295.4   0
   139.4    288.8   1
   144.7    286.4   1
   139.4    288.8   0
   138.5    283.2   1
   126.7    289.6   1
   118.4    291.0   1
   107.0    291.6   1
   102.4    289.6   1
   107.7    287.2   1
   118.3    282.5   1
   123.9    281.5   1
   126.1    278.2   1
   127.9    272.2   1
   131.6    268.7   1
   137.2    267.7   1
   138.4    274.6   1
   137.7    279.0   1
   138.7    284.6   1
   137.6    270.5   0
   124.8    262.7   1
   114.2    267.4   1
   110.3    269.6   1
   112.9    276.3   1
   108.8    277.0   1
   108.3    274.2   1
   107.8    271.4   1
   101.3    275.4   1
   100.7    279.9   1
    97.7    287.5   1
   101.2    291.2   1
   159.0    278.1   0
   170.6    279.0   1
   175.7    275.2   1
   182.6    274.0   1
   136.0    269.3   0
   133.6    255.4   1
   133.6    239.7   1
   136.8    224.8   1
   144.0    209.3   1
   156.9    201.3   1
   163.1    195.9   1
   142.8    202.3   1
   132.7    209.8   1
   126.5    223.8   1
   101.3    275.4   0
    92.2    264.2   1
    87.2    252.2   1
    81.0    233.2   1
    77.3    212.4   1
   150.4    269.7   0
   149.3    255.5   1
   152.5    249.2   1
   160.6    246.4   1
   164.7    245.7   1
   169.4    247.7   1
   174.1    249.7   1
   176.8    249.2   1
   171.6    260.2   1
   166.8    265.3   1
   162.0    270.5   1
   157.8    271.2   1
   153.6    271.9   1
   152.3    272.2   1
   167.7    262.3   0
   163.0    260.3   1
   160.9    256.3   1
   160.2    252.2   1
   161.1    249.2   1
   176.8    249.2   0
   180.7    247.1   1
   180.7    247.1   1
   184.3    250.8   1
   192.3    247.9   0
   194.1    241.9   1
   202.3    296.3   0
   208.2    289.5   1
   213.1    284.3   1
   215.8    275.3   1
   214.0    265.6   1
   213.2    252.8   1
   208.0    239.5   1
   206.1    236.9   1
   203.1    236.0   1
   207.3    235.3   0
   217.9    230.6   1
   218.1    231.9   0
   208.4    233.7   1
   207.5    236.7   1
   213.2    228.5   1
   213.4    221.3   1
   214.2    209.7   1
   213.0    202.8   1
   210.0    201.9   1
   211.1    200.3   1
   214.8    196.8   1
   214.9    189.6   0
   211.4    185.9   1
   206.8    183.9   1
   202.6    184.6   1
   215.3    281.1   0
   222.5    281.2   1
   228.8    284.4   1
   235.3    289.0   1
   241.4    290.8   1
   238.8    284.1   1
   234.8    277.7   1
   229.9    274.2   1
   222.4    272.7   1
   218.3    273.4   1
   240.6    286.6   0
   238.9    276.9   1
   231.7    268.2   1
   222.6    265.5   1
   214.9    262.6   1
   209.2    197.7   0
   203.2    196.0   1
   202.7    193.2   1
   196.9    192.8   0
   195.1    198.8   1
   189.6    199.8   1
   171.6    235.9   0
   169.0    229.2   1
   168.0    223.6   1
   168.9    220.6   1
   172.8    218.5   1
   175.4    216.6   1
   136.6    256.3   0
   143.4    246.6   1
   150.5    238.1   1
   157.2    235.5   1
   157.2    227.0   0
   158.5    218.2   1
   167.4    212.3   1
   171.6    211.5   1
   166.1    212.5   1
   159.1    213.7   1
   153.7    207.5   1
   201.5    186.2   0
   192.7    184.9   1
   180.7    189.9   1
   178.4    193.2   1
   181.9    196.8   0
   177.5    196.2   1
   169.4    199.1   1
   164.6    204.2   1
   166.5    206.7   1
   180.0    194.3   0
   176.3    189.3   1
   175.5    185.1   1
   174.5    179.5   1
   171.1    184.4   1
   169.6    191.9   1
   170.5    197.4   1
   171.3    201.6   1
   208.2    183.6   0
   206.9    176.7   1
   206.2    172.5   1
   206.1    164.0   1
   204.7    164.2   1
   184.6    163.5   1
   181.3    161.2   1
   178.1    158.9   1
   170.2    163.1   1
   168.5    177.8   1
   170.0    186.1   1
   174.8    180.9   0
   177.7    173.3   1
   178.1    167.5   1
   175.4    168.0   1
   171.9    172.9   1
   169.9    177.5   1
   182.6    176.7   0
   177.3    179.1   1
   194.0    176.1   0
   188.4    177.1   1
   205.3    175.5   0
   199.8    176.5   1
   205.8    178.3   0
   197.9    174.0   1
   189.6    175.5   0
   197.9    174.0   1
   205.3    175.5   1
   206.4    165.3   0
   213.1    162.7   1
   210.9    158.8   1
   205.2    158.4   1
   196.3    157.1   1
   190.8    158.1   1
   185.9    154.7   1
   200.5    156.4   0
   202.3    150.3   1
   208.0    142.2   1
   218.2    143.2   1
   224.5    146.4   1
   225.5    152.0   1
   227.8    157.3   1
   224.9    140.6   1
   218.1    134.7   1
   210.7    133.1   1
   206.5    133.8   1
   200.1    137.8   1
   195.8    145.8   1
   193.7    150.4   1
   187.0    153.0   0
   172.0    157.1   1
   182.9    153.8   0
   191.1    143.7   1
   199.8    136.5   1
   131.3    210.1   0
   151.0    192.3   1
   165.6    185.4   1
   166.2    181.0   1
   139.4    191.5   1
   128.8    196.2   1
   124.3    202.7   1
   131.6    195.7   0
   153.6    174.6   1
   165.6    161.1   1
   175.0    149.4   1
   176.0    139.2   1
   158.8    155.1   1
   148.5    169.8   1
   160.5    164.9   0
   166.5    158.1   1
   175.1    142.2   1
   157.4    155.4   0
   164.2    137.0   1
   172.4    127.0   1
   146.2    148.8   1
   133.2    164.0   1
   130.1    178.8   1
   137.2    179.0   0
   151.0    168.0   1
   150.8    166.6   1
   158.5    153.8   1
   143.2    172.2   0
   148.7    162.6   1
   152.1    157.8   1
   159.0    156.5   1
   132.0    165.6   0
   136.8    151.9   1
   139.4    142.8   1
   142.9    137.9   1
   130.5    148.7   1
   125.0    158.2   1
   121.6    163.1   1
    76.4    206.9   0
    72.7    186.1   1
    75.1    175.6   1
    78.7    163.5   1
    86.1    156.5   1
    85.5    169.5   1
    85.8    179.5   1
    86.0    172.3   0
    91.9    156.9   1
    96.7    151.8   1
    93.1    163.9   1
    94.6    172.2   1
    94.4    179.4   1
    97.4    180.3   0
   104.6    156.1   1
   108.7    146.8   1
   114.6    140.0   1
   120.8    134.7   1
   126.6    135.1   1
   119.1    149.3   1
   115.3    160.0   1
   116.6    175.5   1
   121.2    266.2   0
   116.4    255.6   1
   113.6    247.5   1
   111.6    236.4   1
   110.4    229.5   1
   117.4    261.2   0
   110.6    255.2   1
   108.0    248.5   1
    80.3    229.1   0
    57.8    183.0   1
    54.7    173.5   1
    49.5    160.1   1
    57.7    150.1   1
    73.2    140.2   1
    86.7    127.8   1
    93.1    115.2   1
    76.5    224.0   0
    57.7    198.7   1
    45.3    176.6   1
    39.8    161.8   1
    34.6    148.4   1
    48.9    140.2   1
    63.5    126.2   1
    81.0    111.6   1
    84.7    108.1   1
   180.7    141.3   0
   197.9    125.4   1
   212.6    111.3   1
   220.1     97.1   1
   212.6    111.3   1
   211.2    111.6   1
   219.9    104.3   1
   224.0     95.0   1
   227.8     84.3   1
   228.4     71.3   1
   227.2     64.4   1
   225.7     56.1   1
   223.6     52.1   0
   219.8     47.1   1
