   114.1    228.9   0
   104.4    206.7   1
   121.0    190.2   1
   134.9    183.2   1
   137.6    195.7   1
   145.9    183.2   1
   147.3    197.1   1
   166.7    176.3   1
   176.3    174.9   1
   180.5    190.2   1
   192.9    168.0   1
   192.9    187.4   1
   204.0    158.4   1
   204.0    176.3   1
   224.7    162.5   1
   212.3    190.2   1
   190.2    208.1   1
   162.5    226.1   1
   139.0    234.4   1
   100.3    242.7   1
   118.3    267.6   1
   127.9    284.2   1
   127.9    295.2   1
   121.0    306.3   1
   155.6    314.6   1
   134.9    317.3   1
   155.6    328.4   1
   134.9    328.4   1
   111.4    311.8   1
    92.0    307.7   1
    76.8    292.4   1
    24.3    248.2   1
    82.3    277.2   1
   100.3    278.6   1
    78.2    246.8   1
    65.7    217.8   1
    68.5    190.2   1
    82.3    176.3   1
   104.4    169.4   1
   118.3    162.5   1
   121.0    145.9   1
   121.0    104.4   1
   116.9     57.4   1
   107.2     57.4   1
   100.3     51.9   1
   121.0     51.9   1
   127.9    126.6   1
   126.6    148.7   1
   132.1    159.7   1
   137.6    137.6   1
   141.8     93.4   1
   132.1     45.0   1
   123.8     45.0   1
   118.3     40.9   1
   137.6     40.9   1
   145.9     92.0   1
   148.7    141.8   1
   144.5    155.6   1
   188.8    139.0   1
   231.6    143.2   1
   223.3    155.6   1
   223.3    162.5   1
   100.3    300.7   0
   107.2    303.5   1
   107.2    298.0   1
   100.3    298.0   1
   100.3    300.7   1
    76.8    292.4   0
    86.5    286.9   1
    24.3    248.2   1
    86.5    286.9   0
