    62.0    191.9   0
    74.4    200.2   1
    97.9    204.3   1
   111.7    204.3   1
   122.8    198.8   1
   129.7    205.7   1
   135.2    230.6   1
   138.0    244.4   1
   160.1    261.0   1
   179.5    262.4   1
   178.1    247.2   1
   176.7    229.2   1
   157.3    207.1   1
   136.6    194.6   1
   132.5    191.9   1
   126.9    189.1   1
   118.6    178.0   1
   146.3    190.5   1
   172.5    190.5   1
   207.1    190.5   1
   229.2    180.8   1
   241.7    167.0   1
   250.0    149.0   1
   252.7    126.9   1
   252.7    115.8   1
   254.1    131.0   1
   259.6    151.8   1
   270.7    160.1   1
   276.2    146.2   1
   276.2    120.0   1
   276.2    104.8   1
   272.1     90.9   1
   261.0     90.9   1
   256.9     97.9   1
   254.1    110.3   1
   251.3     85.4   1
   238.9     70.2   1
   219.5     66.1   1
   203.0     66.1   1
   196.0     70.2   1
   190.5     77.1   1
   187.8     81.3   1
   187.8     82.7   1
   187.8     82.7   1
   185.0     90.9   1
   183.0     98.0   1
   183.0    108.0   1
   185.0    120.0   1
   192.0    133.0   1
    63.3    191.9   0
    52.3    179.4   1
    49.5    172.5   1
    49.5    162.8   1
    57.8    158.7   1
    66.1    155.9   1
    79.9    154.5   1
    86.8    154.5   1
    89.6    154.5   1
    96.5    157.3   1
    96.5    158.7   1
   102.0    162.8   1
   100.7    168.4   1
    88.2    153.2   0
    97.9    146.2   1
    97.9    136.6   1
    93.7    121.4   1
    81.3    114.4   1
    71.6    108.9   1
    55.0    106.2   1
    44.0    103.4   1
    30.2    104.8   1
    26.0     96.0   1
    34.0     91.0   1
    50.0     90.0   1
    63.0     90.0   1
    73.0     92.3   1
    85.5     93.7   1
    92.4     99.2   1
   100.7     99.2   1
   110.3    100.6   1
   122.8    103.4   1
   128.3    108.9   1
   128.3    115.8   1
   128.0    125.0   1
   129.7    137.9   1
   128.3    136.6   0
   115.9     99.2   0
   136.6     95.1   1
   150.4     90.9   1
   165.6     88.2   1
   179.5     88.2   1
   185.0     88.2   1
   204.3     67.4   0
   193.3     61.9   1
   171.2     59.2   1
   151.8     59.2   1
   147.7     56.4   1
   149.0     48.1   1
   165.6     45.3   1
   193.3     45.3   1
   214.0     41.2   1
   232.0     41.2   1
   236.1     49.5   1
   229.2     52.2   1
   222.3     56.4   1
   226.5     66.1   1
   190.5     77.1   0
   180.0     72.0   1
   167.0     72.0   1
   156.0     71.0   1
   144.0     73.0   1
   134.0     69.0   1
   138.0     60.5   1
   146.3     56.4   1
    93.0    125.0   0
    82.0    125.0   1
    66.0    128.0   1
    52.0    128.0   1
    38.5    128.3   1
    30.2    125.5   1
    28.8    120.0   1
    32.0    114.0   1
    39.8    114.4   1
    48.1    114.4   1
    53.7    113.1   1
    66.0    108.0   1
    84.1    189.1   0
    73.0    183.6   1
    67.5    178.0   1
    70.2    176.7   1
    75.8    176.7   1
    78.5    176.7   1
    82.7    176.7   1
    84.1    179.4   1
    84.1    180.8   1
    84.1    179.4   1
    88.2    182.2   1
    89.6    183.6   1
    82.7    187.7   1
    78.5    183.6   0
    73.0    182.2   1
    74.4    178.0   1
    79.9    178.0   1
    82.7    184.9   1
    82.7    186.3   1
    79.9    184.9   1
    64.7    160.1   0
    59.2    160.1   1
    66.1    160.1   0
    70.2    161.4   1
    50.9    171.1   0
    53.7    171.1   1
    56.4    171.1   1
   169.8    252.7   0
   158.7    247.2   1
   151.8    240.2   1
   147.7    229.2   1
   145.0    223.0   1
   142.0    213.0   1
   141.0    209.0   0
   156.0    222.3   1
   162.9    229.2   1
   168.4    241.6   1
   170.0    246.0   1
   169.0    251.0   1
