   427.0    344.0   0
   439.0    338.0   1
   439.0    338.0   1
   447.0    331.0   1
   447.0    331.0   1
   453.0    322.0   1
   453.0    322.0   1
   457.0    312.0   1
   457.0    312.0   1
   460.0    302.0   1
   460.0    302.0   1
   461.0    292.0   1
   461.0    292.0   1
   461.0    281.0   1
   461.0    276.0   1
   461.0    276.0   1
   457.0    274.0   1
   457.0    274.0   1
   459.0    274.0   0
   459.0    274.0   1
   459.0    271.0   1
   455.0    265.0   1
   450.0    265.0   1
   447.0    270.0   1
   447.0    270.0   1
   436.0    267.0   1
   436.0    267.0   1
   428.0    263.0   1
   428.0    263.0   1
   423.0    265.0   1
   437.0    265.0   0
   437.0    265.0   1
   443.0    265.0   1
   443.0    265.0   1
   444.0    264.0   1
   444.0    264.0   1
   447.0    262.0   1
   447.0    262.0   1
   425.0    264.0   0
   425.0    264.0   1
   417.0    270.0   1
   417.0    270.0   1
   414.0    277.0   1
   414.0    277.0   1
   409.0    292.0   1
   432.0    310.0   0
   432.0    310.0   1
   427.0    307.0   1
   427.0    307.0   1
   427.0    306.0   1
   427.0    306.0   1
   431.0    303.0   1
   431.0    303.0   1
   433.0    302.0   1
   433.0    302.0   1
   437.0    307.0   1
   437.0    307.0   1
   437.0    310.0   1
   438.0    341.0   0
   435.0    350.0   1
   433.0    362.0   1
   433.0    362.0   1
   430.0    371.0   1
   430.0    371.0   1
   428.0    379.0   1
   428.0    379.0   1
   427.0    388.0   1
   427.0    388.0   1
   428.0    401.0   1
   428.0    401.0   1
   429.0    409.0   1
   429.0    409.0   1
   429.0    419.0   1
   429.0    419.0   1
   424.0    414.0   1
   424.0    414.0   1
   417.0    407.0   1
   417.0    407.0   1
   415.0    402.0   1
   408.0    377.0   1
   408.0    377.0   1
   408.0    367.0   1
   408.0    367.0   1
   409.0    362.0   1
   409.0    362.0   1
   410.0    352.0   1
   410.0    352.0   1
   415.0    341.0   1
   412.0    340.0   0
   412.0    340.0   1
   407.0    356.0   1
   407.0    356.0   1
   405.0    361.0   1
   405.0    361.0   1
   403.0    367.0   1
   403.0    367.0   1
   398.0    378.0   1
   398.0    378.0   1
   387.0    390.0   1
   387.0    390.0   1
   380.0    399.0   1
   380.0    399.0   1
   377.0    403.0   1
   377.0    403.0   1
   362.0    407.0   1
   362.0    407.0   1
   355.0    407.0   1
   355.0    407.0   1
   350.0    402.0   1
   350.0    402.0   1
   350.0    401.0   1
   359.0    393.0   1
   359.0    393.0   1
   363.0    391.0   1
   374.0    374.0   1
   374.0    374.0   1
   378.0    365.0   1
   378.0    365.0   1
   380.0    353.0   1
   380.0    353.0   1
   381.0    345.0   1
   381.0    345.0   1
   382.0    338.0   0
   382.0    338.0   1
   392.0    326.0   1
   392.0    326.0   1
   400.0    320.0   1
   400.0    320.0   1
   384.0    327.0   0
   384.0    327.0   1
   381.0    313.0   1
   381.0    313.0   1
   376.0    302.0   1
   376.0    302.0   1
   368.0    293.0   1
   368.0    293.0   1
   363.0    289.0   1
   363.0    289.0   1
   352.0    281.0   1
   352.0    281.0   1
   342.0    279.0   1
   342.0    279.0   1
   326.0    275.0   1
   326.0    275.0   1
   313.0    270.0   1
   313.0    270.0   1
   302.0    268.0   1
   302.0    268.0   1
   286.0    256.0   1
   286.0    256.0   1
   276.0    235.0   1
   276.0    235.0   1
   268.0    219.0   1
   268.0    219.0   1
   259.0    201.0   1
   259.0    201.0   1
   256.0    187.0   1
   256.0    187.0   1
   257.0    171.0   1
   257.0    171.0   1
   258.0    162.0   1
   258.0    162.0   1
   258.0    154.0   1
   258.0    154.0   1
   258.0    137.0   1
   258.0    137.0   1
   265.0    126.0   0
   265.0    126.0   1
   293.0    126.0   1
   308.0    127.0   1
   321.0    127.0   1
   338.0    127.0   1
   362.0    128.0   1
   382.0    129.0   1
   382.0    129.0   1
   399.0    129.0   1
   399.0    129.0   1
   417.0    133.0   1
   417.0    133.0   1
   425.0    136.0   1
   425.0    136.0   1
   426.0    142.0   1
   426.0    142.0   1
   416.0    147.0   1
   416.0    147.0   1
   403.0    148.0   1
   390.0    146.0   1
   390.0    146.0   1
   369.0    146.0   1
   294.0    183.0   0
   294.0    183.0   1
   319.0    196.0   1
   319.0    196.0   1
   333.0    194.0   1
   333.0    194.0   1
   340.0    186.0   1
   340.0    186.0   1
   341.0    174.0   1
   341.0    174.0   1
   336.0    164.0   1
   336.0    164.0   1
   331.0    155.0   1
   331.0    155.0   1
   332.0    146.0   1
   332.0    146.0   1
   360.0    145.0   0
   360.0    145.0   1
   345.0    145.0   1
   397.0    148.0   0
   397.0    148.0   1
   389.0    148.0   1
   389.0    148.0   1
   382.0    150.0   1
   382.0    150.0   1
   372.0    150.0   1
   372.0    150.0   1
   352.0    151.0   1
   352.0    151.0   1
   342.0    151.0   1
   401.0    147.0   0
   401.0    147.0   1
   384.0    154.0   1
   364.0    155.0   1
   364.0    155.0   1
   414.0    268.0   0
   414.0    268.0   1
   411.0    260.0   1
   411.0    260.0   1
   406.0    251.0   1
   406.0    251.0   1
   404.0    246.0   1
   404.0    246.0   1
   397.0    242.0   1
   373.0    252.0   0
   373.0    252.0   1
   387.0    238.0   1
   387.0    238.0   1
   400.0    233.0   1
   400.0    233.0   1
   407.0    231.0   1
   407.0    231.0   1
   417.0    231.0   1
   417.0    231.0   1
   424.0    231.0   1
   424.0    231.0   1
   437.0    237.0   1
   437.0    237.0   1
   444.0    243.0   1
   444.0    243.0   1
   446.0    246.0   1
   446.0    246.0   1
   454.0    256.0   1
   359.0    215.0   0
   359.0    215.0   1
   384.0    208.0   1
   384.0    208.0   1
   388.0    206.0   1
   388.0    206.0   1
   409.0    205.0   1
   419.0    206.0   1
   419.0    206.0   1
   426.0    210.0   1
   426.0    210.0   1
   443.0    217.0   1
   443.0    217.0   1
   447.0    222.0   1
   447.0    222.0   1
   455.0    237.0   1
   455.0    237.0   1
   455.0    242.0   1
   454.0    247.0   1
   454.0    247.0   1
   457.0    253.0   1
   343.0    188.0   0
   343.0    188.0   1
   361.0    197.0   1
   361.0    197.0   1
   367.0    205.0   1
   367.0    205.0   1
   254.0    172.0   0
   254.0    172.0   1
   247.0    188.0   1
   247.0    188.0   1
   235.0    191.0   1
   235.0    191.0   1
   228.0    185.0   1
   228.0    185.0   1
   215.0    188.0   1
   215.0    188.0   1
   206.0    178.0   1
   206.0    178.0   1
   205.0    162.0   1
   205.0    162.0   1
   215.0    141.0   1
   215.0    141.0   1
   219.0    129.0   1
   219.0    129.0   1
   238.0    123.0   1
   238.0    123.0   1
   257.0    122.0   1
   257.0    122.0   1
   408.0    254.0   0
   408.0    254.0   1
   420.0    248.0   1
   420.0    248.0   1
   427.0    250.0   1
   427.0    250.0   1
   432.0    252.0   1
   432.0    252.0   1
   442.0    256.0   1
   442.0    256.0   1
   442.0    256.0   1
   442.0    254.0   0
   442.0    254.0   1
   446.0    248.0   1
   446.0    248.0   1
   438.0    257.0   0
   438.0    257.0   1
   438.0    257.0   1
   438.0    257.0   1
   441.0    261.0   1
   459.0    266.0   1
   459.0    266.0   1
   462.0    266.0   1
   462.0    266.0   1
   463.0    264.0   1
   463.0    264.0   1
   465.0    260.0   1
   465.0    260.0   1
   466.0    250.0   1
   466.0    250.0   1
   468.0    240.0   1
   468.0    240.0   1
   474.0    228.0   1
   474.0    228.0   1
   477.0    218.0   1
   477.0    218.0   1
   476.0    210.0   1
   476.0    210.0   1
   477.0    196.0   1
   477.0    196.0   1
   478.0    191.0   1
   478.0    191.0   1
   479.0    182.0   1
   479.0    182.0   1
   473.0    192.0   1
   473.0    192.0   1
   470.0    203.0   1
   470.0    203.0   1
   469.0    208.0   1
   469.0    208.0   1
   463.0    220.0   1
   463.0    220.0   1
   462.0    223.0   1
   462.0    223.0   1
   459.0    231.0   1
   454.0    250.0   0
   454.0    250.0   1
   453.0    243.0   1
   453.0    243.0   1
   463.0    249.0   1
   463.0    249.0   1
   465.0    254.0   1
   453.0    257.0   0
   453.0    257.0   1
   462.0    261.0   1
   462.0    261.0   1
   464.0    260.0   1
   362.0    194.0   0
   362.0    194.0   1
   358.0    186.0   1
   358.0    186.0   1
   354.0    178.0   1
   354.0    178.0   1
   342.0    163.0   1
   342.0    163.0   1
   336.0    149.0   1
   215.0    171.0   0
   215.0    171.0   1
   223.0    154.0   1
   223.0    154.0   1
   231.0    135.0   1
   231.0    135.0   1
   230.0    169.0   0
   230.0    169.0   1
   240.0    155.0   1
   248.0    142.0   1
   248.0    142.0   1
   239.0    172.0   0
   239.0    172.0   1
   251.0    151.0   1
