   400.5    160.0   0
   386.7    180.0   1
   368.2    194.6   1
   346.0    203.0   1
   327.5    203.8   1
   312.9    202.3   1
   299.9    195.4   1
   276.1    198.4   1
   248.4    210.7   1
   253.8    200.7   1
   250.7    190.0   1
   248.4    211.5   0
   253.8    219.9   1
   254.6    226.1   1
   252.3    230.7   1
   249.2    232.2   1
   243.0    232.2   1
   264.5    242.2   1
   277.6    253.7   1
   291.4    262.2   1
   301.4    278.3   1
   310.6    299.0   1
   318.3    311.3   1
   295.3    314.4   1
   281.4    312.1   1
   270.7    309.8   1
   261.5    305.2   1
   245.4    292.1   1
   230.0    277.5   1
   222.3    262.9   1
   258.4    304.4   0
   255.3    322.1   1
   258.4    335.1   1
   261.5    352.8   1
   243.8    346.7   1
   230.8    336.7   1
   213.9    314.4   1
   202.3    294.4   1
   197.0    270.6   1
   183.9    270.6   1
   172.4    260.6   1
   165.5    257.6   1
   154.7    240.7   1
   146.3    228.4   1
   140.9    223.0   1
   134.8    216.9   1
   134.8    213.0   1
   138.6    210.0   1
   145.5    208.4   1
   139.4    203.8   1
   139.4    195.4   1
   147.0    191.5   1
   154.7    192.3   1
   167.0    196.1   1
   167.8    184.6   1
   170.8    178.5   1
   177.8    177.7   1
   187.7    180.8   1
   193.1    176.2   1
   205.4    179.2   1
   167.0    186.9   0
   157.0    187.7   1
   151.6    187.7   1
   147.8    192.3   1
   399.7    160.0   0
   402.8    153.9   1
   400.5    143.1   1
   407.4    141.6   1
   410.5    137.7   1
   408.9    133.1   1
   398.9    127.0   1
   395.9    117.8   1
   384.3    101.7   1
   370.5     82.5   1
   359.8     73.2   1
   351.3     69.4   1
   336.0     61.7   1
   310.6     66.3   1
   291.4     74.0   1
   287.6     77.9   1
   289.1     89.4   1
   289.9    100.9   1
   287.6     78.6   0
   279.9     75.5   1
   269.1     74.0   1
   258.4     75.5   1
   252.3     82.5   1
   249.9     84.8   1
   254.6     90.9   1
   256.1    104.0   1
   249.9     84.8   0
   249.2     80.9   1
   243.8     78.6   1
   235.4     77.9   1
   226.9     77.9   1
   222.3     77.1   1
   217.7     72.5   1
   213.1     70.9   1
   206.9     73.2   1
   200.8     70.2   1
   196.2     69.4   1
   191.6     70.9   1
   190.0     74.8   1
   190.0     77.1   1
   197.7     77.9   1
   200.0     83.2   1
   202.3     90.9   1
   190.0     77.9   0
   189.3     79.4   1
   190.0     83.2   1
   195.4     90.1   1
   187.7     85.5   1
   183.1     82.5   1
   180.8     83.2   1
   185.4     92.4   1
   188.5     96.3   1
   200.8     97.8   1
   207.7    100.9   1
   223.1    107.8   1
   187.7     96.3   0
   183.9     92.4   1
   180.8     94.0   1
   180.8    100.1   1
   190.8    107.0   1
   180.8    100.1   0
   174.7    100.9   1
   177.0    104.7   1
   180.1    110.9   1
   184.7    110.9   1
   173.9    106.3   1
   168.5    107.8   1
   168.5    111.6   1
   168.5    115.5   1
   177.8    118.6   1
   188.5    120.1   1
   206.9    114.0   1
   197.7    120.1   1
   189.3    131.6   1
   182.4    133.2   1
   177.0    135.5   1
   174.7    140.8   1
   173.2    149.3   1
   175.5    153.9   1
   170.8    153.1   1
   164.7    156.2   1
   165.5    163.1   1
   169.3    170.0   1
   171.6    180.8   1
   291.4     74.0   0
   288.3     67.1   1
   283.7     61.7   1
   285.3     58.7   1
   289.9     56.3   1
   292.2     57.1   1
   296.0     61.7   1
   303.7     70.2   1
   291.4     56.3   0
   296.0     52.5   1
   299.9     52.5   1
   303.7     53.3   1
   305.2     57.1   1
   306.8     62.5   1
   309.1     67.9   1
   302.2     53.3   0
   311.4     52.5   1
   319.1     52.5   1
   325.2     54.0   1
   331.4     47.1   1
   339.0     47.1   1
   347.5     47.1   1
   354.4     52.5   1
   355.2     64.8   1
   353.6     68.6   1
   365.9     57.9   1
   379.0     58.6   1
   384.3     62.5   1
   386.7     73.2   1
   385.9     75.5   1
   379.0     78.6   1
   392.0     74.0   1
   398.9     77.1   1
   399.7     84.8   1
   395.9     88.6   1
   389.0     92.4   1
   402.8     87.8   1
   408.2     87.8   1
   413.5     95.5   1
   404.3    100.1   1
   415.1    100.1   1
   419.7    104.0   1
   419.7    109.3   1
   416.6    112.4   1
   406.6    115.5   1
   413.5    115.5   1
   418.1    118.5   1
   417.4    122.4   1
   415.1    127.0   1
   405.9    130.8   1
   300.6     52.5   0
   297.6     52.5   0
   306.8     51.7   1
   362.1     95.5   0
   375.1    110.9   1
   377.4    125.5   1
   348.3     97.0   0
   357.5    112.4   1
   364.4    125.5   1
   193.1    138.5   0
   190.0    148.5   1
   187.7    159.3   1
   205.4    139.3   0
   200.0    147.0   1
   197.0    157.7   1
   200.0    218.4   0
   194.7    211.5   1
   185.4    210.7   1
   177.0    209.2   1
   176.2    213.8   1
   183.1    219.9   1
   191.6    221.5   1
   197.7    221.5   1
   200.0    218.4   1
   185.4    211.5   0
   185.4    219.9   1
   172.4    218.4   0
   183.9    227.6   1
   197.7    228.4   1
   106.3     51.7   0
   110.2     84.8   1
   115.6    144.7   1
   127.8    176.9   1
   133.2    200.0   1
   134.8    214.6   1
   132.5    226.1   1
   125.5    233.8   1
   115.6    243.7   1
   104.8    246.1   1
    95.6    249.9   1
    82.5    251.4   1
    81.8    244.5   1
    68.7    251.4   1
    54.9    247.6   1
    46.4    239.1   1
    45.7    227.6   1
    46.4    216.1   1
    46.4    197.7   1
    51.8    162.3   1
    64.1    144.7   1
    64.1    131.6   1
    68.7    113.2   1
    77.1     90.1   1
    84.8     62.5   1
    87.9     57.1   1
    91.0     50.2   1
    97.9     48.7   1
   107.1     51.0   1
   100.2     75.6   0
    91.0     74.0   1
   101.7     91.7   0
    92.5     97.8   0
    84.8     98.6   1
    96.3    114.0   0
    93.3    126.2   0
   103.3    138.5   0
    80.2    141.6   0
    71.8    160.0   0
   103.3    160.8   0
    75.6    177.7   0
   115.6    178.5   0
   101.7    180.8   1
    84.8    188.5   0
   126.3    199.2   0
   113.2    202.3   1
   105.6    205.3   0
    95.6    205.3   1
    94.1    222.2   0
   116.3    229.2   0
    97.9    230.7   1
    69.5    232.2   0
    55.7    233.0   1
    99.4    237.6   0
    97.1    234.5   1
    85.6    234.5   1
    80.2    235.3   1
    85.6    242.2   1
    92.5    242.2   1
    97.1    240.7   1
    99.4    238.4   1
   101.7    247.6   0
   100.2    256.0   1
   107.1    267.6   1
   117.9    282.1   1
   127.1    290.6   1
   137.8    299.8   1
   121.7    298.3   1
   113.3    297.5   1
   104.8    292.1   1
    95.6    278.3   1
    93.3    294.4   1
    88.7    309.8   1
    77.9    317.5   1
    73.3    317.5   1
    74.9    313.6   1
    84.1    301.3   1
    89.4    282.1   1
    75.6    294.4   1
    58.0    300.6   1
    41.1    301.4   1
    25.7    299.8   1
    18.8    295.2   1
    34.9    288.3   1
    58.7    276.8   1
    71.0    272.9   1
    78.7    256.8   1
    84.1    250.7   1
   134.8    213.0   0
