   306.4    362.8   0
   321.4    364.8   1
   333.4    362.8   1
   340.4    358.8   1
   343.4    350.8   1
   342.4    344.8   1
   338.4    340.8   1
   332.4    333.8   1
   304.4    305.8   1
   287.4    283.8   1
   271.4    259.8   1
   262.4    231.8   1
   253.4    200.8   1
   250.4    174.8   1
   248.4    131.8   1
   251.4    115.8   1
   256.4     98.8   1
   263.4     84.8   1
   306.4    362.8   0
   295.4    362.8   1
   283.4    366.8   1
   269.4    373.8   1
   257.4    376.8   1
   241.4    376.8   1
   225.4    372.8   1
   213.4    364.8   1
   193.4    346.8   1
   179.4    330.8   1
   163.4    307.8   1
   151.4    289.8   1
   144.4    270.8   1
   139.4    247.8   1
   134.4    217.8   1
   131.4    186.8   1
   130.4    165.8   1
   132.4    143.8   1
   139.4    107.8   1
   150.4     80.8   1
   343.4    348.8   0
   336.4    352.8   1
   330.4    351.8   1
   321.4    346.8   1
   309.4    336.8   1
   297.4    326.8   1
   288.4    322.8   1
   276.4    322.8   1
   262.4    321.8   1
   249.4    317.8   1
   239.4    305.8   1
   228.4    281.8   1
   217.4    252.8   1
   207.4    262.8   0
   216.4    254.8   1
   225.4    244.8   1
   234.4    226.8   1
   239.4    207.8   1
   242.4    186.8   1
   242.4    167.8   1
   237.4    148.8   1
   232.4    145.8   1
   229.4    153.8   1
   224.4    173.8   1
   215.4    190.8   1
   202.4    201.8   1
   189.4    205.8   1
   176.4    209.8   1
   200.4    201.8   0
   197.4    182.8   1
   194.4    162.8   1
   194.4    140.8   1
   195.4    118.8   1
   199.4    104.8   1
   280.4    270.8   0
   290.4    262.8   1
   302.4    250.8   1
   311.4    236.8   1
   316.4    222.8   1
   318.4    206.8   1
   315.4    194.8   1
   311.4    193.8   1
   305.4    202.8   1
   295.4    216.8   1
   283.4    223.8   1
   268.4    226.8   1
   260.4    226.8   1
   330.4     85.8   0
   390.4    179.8   0
   385.4    172.8   1
   371.4    163.8   1
   358.4    158.8   1
   348.4    150.8   1
   344.4    147.8   1
   339.4    152.8   1
   330.4    156.8   1
   317.4    160.8   1
   305.4    159.8   1
   290.4    158.8   1
   277.4    161.8   1
   270.4    165.8   1
   272.4    156.8   1
   274.4    144.8   1
   275.4    131.8   1
   277.4    124.8   1
   282.4    119.8   1
   292.4    115.8   1
   308.4    111.8   1
   322.4    110.8   1
   328.4    103.8   1
   331.4     95.8   1
   331.4     87.8   1
   391.4    180.8   0
   394.4    174.8   1
   394.4    164.8   1
   393.4    147.8   1
   390.4    134.8   1
   385.4    123.8   1
   379.4    115.8   1
   366.4    107.8   1
   355.4    100.8   1
   350.4     89.8   1
   347.4    180.8   0
   351.4    183.8   1
   359.4    186.8   1
   363.4    185.8   1
   364.4    181.8   1
   360.4    178.8   1
   355.4    178.8   1
   349.4    180.8   1
   306.4    171.8   0
   302.4    175.8   1
   297.4    180.8   1
   293.4    178.8   1
   293.4    175.8   1
   297.4    173.8   1
   302.4    172.8   1
   321.4    168.8   0
   326.4    171.8   1
   332.4    173.8   1
   335.4    170.8   1
   332.4    168.8   1
   327.4    168.8   1
   363.4     86.8   0
   376.4     91.8   1
   382.4     98.8   1
   389.4    105.8   1
   396.4    109.8   1
   404.4    109.8   1
   408.4    108.8   1
   408.4    107.8   1
   404.4    105.8   1
   403.4    102.8   1
   408.4    102.8   1
   413.4     98.8   1
   417.4     92.8   1
   411.4     95.8   1
   401.4     97.8   1
   398.4     94.8   1
   404.4     94.8   1
   406.4     90.8   1
   406.4     87.8   1
   401.4     89.8   1
   398.4     88.8   1
   396.4     84.8   1
   396.4     82.8   1
   401.4     78.8   1
   408.4     78.8   1
   411.4     78.8   1
   417.4     80.8   1
   424.4     83.8   1
   429.4     82.8   1
   436.4     79.8   1
   446.4     85.8   1
   330.4     84.8   0
   339.4     86.8   1
   349.4     87.8   1
   358.4     87.8   1
   364.4     87.8   1
   369.4     87.8   1
   374.4     84.8   1
   383.4     81.8   1
   387.4     77.8   1
   392.4     75.8   1
   375.4     69.8   0
   363.4     74.8   1
   348.4     74.8   1
   337.4     72.8   1
   331.4     84.8   0
   323.4     80.8   1
   317.4     73.8   1
   314.4     71.8   1
   309.4     70.8   1
   305.4     72.8   1
   310.4     75.8   1
   311.4     83.8   1
   309.4     89.8   1
   304.4     94.8   1
   297.4     95.8   1
   300.4     92.8   1
   299.4     89.8   1
   295.4     92.8   1
   291.4     92.8   1
   293.4     88.8   1
   294.4     86.8   1
   289.4     85.8   1
   283.4     85.8   1
   288.4     82.8   1
   293.4     80.8   1
   293.4     74.8   1
   289.4     72.8   1
   263.4     85.8   0
   256.4     81.8   1
   248.4     81.8   1
   240.4     81.8   1
   233.4     86.8   1
   227.4     90.8   1
   224.4     90.8   1
   218.4     90.8   1
   210.4     89.8   1
   203.4     89.8   1
   197.4     82.8   1
   187.4     79.8   1
   181.4     76.8   1
   168.4     76.8   1
   151.4     81.8   1
   262.4     86.8   0
   271.4     90.8   1
   279.4     91.8   1
   282.4     90.8   1
   279.4     89.8   1
   276.4     85.8   1
   279.4     83.8   1
   281.4     79.8   1
   282.4     76.8   1
   291.4     75.8   1
   295.4     75.8   1
   250.4     72.8   0
   268.4     70.8   1
   271.4     65.8   1
   280.4     61.8   1
   251.4     71.8   0
   239.4     71.8   1
   233.4     71.8   1
   228.4     69.8   1
   223.4     64.8   1
   151.4     82.8   0
   139.4     80.8   1
   130.4     75.8   1
   131.4     71.8   1
   141.4     71.8   1
   148.4     69.8   1
   154.4     63.8   1
   142.4     63.8   1
   123.4     63.8   1
   118.4    101.8   0
   112.4     94.8   1
   113.4     91.8   1
   113.4     79.8   1
   118.4     71.8   1
   123.4     63.8   1
   116.4    101.8   0
   109.4    101.8   1
   109.4     97.8   1
   108.4     93.8   1
   105.4     86.8   1
   105.4     77.8   1
   108.4     70.8   1
    96.4    101.8   0
    89.4     98.8   1
    86.4     89.8   1
    85.4     79.8   1
    87.4     74.8   1
    92.4     72.8   1
   100.4     72.8   1
   106.4     71.8   1
    95.4    102.8   0
    87.4    101.8   1
    81.4     97.8   1
    72.4     90.8   1
    71.4     82.8   1
    66.4     75.8   1
    48.4     67.8   1
    24.4     65.8   1
    78.4     55.8   0
   104.4     53.8   1
   112.4     52.8   1
   122.4     50.8   1
   134.4     49.8   1
   164.4     52.8   1
   179.4     55.8   1
   197.4     50.8   1
   217.4     55.8   1
   247.4    110.8   0
   242.4    113.8   1
   233.4    113.8   1
   233.4    109.8   1
   237.4    107.8   1
   241.4    108.8   1
   247.4    109.8   1
   237.4     95.8   0
   233.4    104.8   1
   229.4    109.8   1
   223.4    109.8   1
   222.4    106.8   1
   224.4    103.8   1
   208.4    115.8   0
   211.4    112.8   1
   214.4    103.8   1
   214.4     99.8   1
   211.4    104.8   1
   208.4    108.8   1
   206.4    111.8   1
   134.4    102.8   0
   129.4    112.8   1
   123.4    116.8   1
   121.4    112.8   1
   121.4    108.8   1
   129.4    104.8   1
   135.4    101.8   1
   137.4     85.8   0
   133.4     93.8   1
   126.4     93.8   1
   125.4     90.8   1
   129.4     87.8   1
