   294.6    402.1   0
   292.7    389.9   1
   292.8    376.9   1
   297.1    362.2   1
   297.1    362.2   1
   290.6    355.6   1
   290.5    345.6   1
   292.0    339.7   1
   294.5    333.9   1
   299.0    329.2   1
   306.2    326.9   1
   294.6    402.1   0
   300.5    391.6   1
   303.3    382.8   1
   304.4    370.9   1
   304.7    366.9   1
   311.5    369.5   1
   318.4    371.1   1
   333.6    369.4   1
   338.8    366.9   1
   337.8    366.8   1
   354.5    394.3   1
   373.4    396.0   1
   360.0    388.8   1
   354.0    377.2   1
   350.4    371.9   1
   347.2    363.6   1
   348.2    362.7   1
   346.3    362.5   1
   349.2    351.7   1
   348.0    342.6   1
   343.4    337.1   1
   341.2    328.9   1
   344.5    325.2   1
   351.7    311.8   1
   351.3    304.7   1
   353.7    288.9   1
   354.6    278.9   1
   358.5    268.2   1
   353.9    263.8   1
   349.7    265.4   1
   346.5    268.1   1
   343.2    270.9   1
   338.1    271.4   1
   323.2    270.1   1
   314.5    266.4   1
   303.1    259.3   1
   299.1    259.0   1
   293.8    261.5   1
   293.1    270.5   1
   294.6    275.7   1
   295.5    288.8   1
   296.6    298.9   1
   296.2    303.9   1
   293.4    300.7   1
   290.4    300.4   1
   289.2    303.3   1
   287.7    309.2   1
   291.1    315.5   1
   294.7    320.8   1
   300.3    325.3   1
   303.0    328.6   1
   301.1    327.4   1
   356.6    267.0   0
   363.1    261.6   1
   362.3    259.5   1
   359.1    261.2   1
   360.3    259.3   1
   359.4    258.2   1
   358.4    258.1   1
   352.8    264.7   1
   302.1    259.2   0
   291.7    251.3   1
   288.7    251.1   1
   292.4    255.4   1
   287.6    253.0   1
   286.3    255.9   1
   291.0    259.3   1
   295.0    259.6   1
   341.1    329.9   0
   333.3    338.3   1
   333.4    337.3   1
   332.3    338.2   1
   334.6    335.4   1
   331.4    337.1   1
   330.5    336.0   1
   327.6    334.8   1
   329.8    331.9   1
   330.3    327.0   1
   331.5    325.1   1
   332.8    321.2   1
   334.1    317.3   1
   335.6    312.4   1
   337.8    309.6   1
   340.0    307.7   1
   303.1    327.6   0
   308.4    336.1   1
   311.2    338.3   1
   313.3    337.5   1
   311.4    336.4   1
   313.4    336.5   1
   312.6    334.4   1
   311.7    333.4   1
   313.6    334.5   1
   314.7    332.6   1
   312.7    333.5   1
   312.8    331.5   1
   311.3    326.3   1
   307.2    315.9   1
   304.5    311.7   1
   302.7    309.5   1
   294.3    302.7   0
   293.9    306.7   1
   291.4    312.5   1
   292.1    315.6   1
   290.8    307.5   1
   291.3    302.5   1
   292.0    305.5   1
   292.6    309.6   1
   291.8    307.5   1
   291.9    306.5   1
   293.1    304.6   1
   293.0    305.6   1
   285.6    310.0   1
   291.0    305.5   1
   290.7    309.4   1
   292.3    313.6   1
   290.4    312.4   1
   290.6    310.4   1
   290.4    312.4   1
   331.1    341.1   0
   328.2    339.8   1
   326.2    339.7   1
   322.2    339.3   1
   321.1    340.2   1
   319.9    342.1   1
   318.1    339.9   1
   314.1    339.6   1
   311.1    339.3   1
   291.3    347.6   0
   296.4    347.1   1
   298.7    344.3   1
   298.9    341.3   1
   297.0    340.1   1
   294.1    338.9   1
   347.6    347.5   0
   339.7    345.9   1
   340.0    341.9   1
   342.4    338.1   1
   337.7    356.7   0
   335.7    356.5   1
   331.8    355.2   1
   329.0    352.9   1
   328.1    351.9   1
   326.3    349.7   1
   309.7    356.3   0
   313.6    356.6   1
   315.9    353.8   1
   315.2    349.7   1
   312.3    348.5   1
   309.4    348.2   1
   307.2    350.0   1
   306.9    353.0   1
   306.8    354.0   1
   306.8    355.0   1
   308.7    356.2   1
   309.7    356.3   1
   321.5    347.3   0
   320.5    347.2   1
   321.5    347.3   1
   319.5    347.1   1
   320.5    347.2   0
   321.5    347.3   1
   321.5    347.3   0
   319.5    347.1   1
   322.5    347.4   1
   320.5    347.2   1
   321.6    346.3   1
   323.6    346.4   1
   321.6    346.3   1
   320.6    346.2   1
   320.6    346.2   1
   322.6    346.4   1
   320.6    346.2   1
   320.6    346.2   1
   352.6    393.2   0
   353.7    380.2   1
   356.0    388.4   0
   355.3    385.4   1
   356.9    390.5   1
   363.8    391.1   1
   365.5    395.3   1
   356.7    392.5   1
   357.0    388.5   1
   357.2    386.5   1
   355.9    389.4   1
   355.8    391.4   1
   355.7    392.4   1
   359.6    393.8   1
   366.6    393.4   1
   359.7    392.8   1
   354.9    389.3   1
   355.1    387.4   1
   355.5    383.4   0
   358.2    386.6   1
   356.0    388.4   1
   355.9    390.4   1
   357.8    391.6   0
   360.7    391.9   1
   363.7    392.1   1
   370.5    394.7   1
   355.3    385.4   1
   356.3    385.4   0
   367.8    391.5   1
   361.0    388.9   0
   359.0    388.7   1
   299.7    389.5   0
   293.4    381.0   1
   295.7    389.2   0
   295.8    388.2   1
   295.4    393.2   1
   297.6    390.4   1
   298.6    390.4   1
   300.6    390.6   1
   297.6    391.4   0
   295.8    400.2   1
   295.8    400.2   1
   294.2    384.0   1
   300.7    389.6   1
   295.2    395.2   1
   293.7    401.1   1
   298.0    386.4   1
   300.8    388.6   1
   296.9    387.3   1
   311.8    354.5   0
   312.3    349.5   1
   309.8    354.3   1
   309.8    354.3   1
   310.9    353.4   1
   292.4    346.7   0
   296.9    341.1   1
   292.9    340.8   1
   297.5    346.2   1
   291.5    345.7   1
   298.7    344.3   1
   293.7    343.8   1
   292.7    343.8   1
   344.9    343.3   0
   340.8    343.9   1
   344.7    345.3   1
   342.1    341.0   1
   341.8    344.0   1
   345.1    341.3   1
   346.8    344.5   1
   344.8    344.3   1
   345.6    347.4   1
   345.6    347.4   1
   327.2    316.7   0
   323.3    315.3   1
   321.3    315.1   1
   318.3    314.9   1
   317.2    315.8   1
   317.3    268.6   0
   311.3    268.1   1
   308.3    268.8   1
   342.1    271.8   0
   344.9    274.0   1
   345.9    275.1   1
   496.3    265.2   0
   480.0    267.8   1
   484.4    263.1   1
   466.4    274.6   1
   475.4    263.4   1
   453.4    273.5   1
   461.8    258.1   1
   433.7    280.8   1
   439.6    259.2   1
   419.0    276.5   1
   423.7    256.8   1
   398.8    277.7   1
   402.6    257.0   1
   373.4    281.5   1
   380.0    252.0   1
   363.2    260.6   1
   343.0    261.8   0
   350.3    247.4   1
   349.0    262.3   1
   348.9    320.6   0
   358.5    337.5   1
   353.4    361.1   1
   376.0    378.1   1
   366.8    391.4   1
   333.0    261.0   0
   325.4    245.2   1
   327.3    246.4   0
   313.6    265.3   1
   303.7    240.3   1
   295.4    255.6   1
   289.0    259.1   0
   278.4    266.2   1
   279.2    257.2   0
   278.5    265.2   1
   278.5    264.2   0
   286.7    250.9   1
   289.4    243.1   1
   286.1    235.8   1
   279.7    239.2   0
   270.2    256.5   1
   262.3    265.8   1
   262.8    260.8   1
   267.4    242.2   1
   262.6    228.7   1
   254.3    254.1   0
   251.8    259.9   1
   260.0    235.5   1
   491.4    263.7   0
   475.2    254.3   1
   459.2    252.9   1
   456.1    242.6   1
   438.0    243.0   1
   425.5    236.9   1
   408.2    239.4   1
   389.4    224.7   1
   357.2    213.9   1
   333.5    220.8   1
   290.8    193.0   1
   245.1    187.0   1
   204.3    160.4   1
   152.5    144.8   1
   119.9    115.8   1
    90.6    117.3   1
   555.5    231.2   0
   529.1    222.9   1
   520.5    206.1   1
   508.7    215.1   1
   503.0    199.5   1
   474.2    196.0   1
   447.8    176.6   1
   424.1    183.6   1
   420.4    168.2   1
   397.9    150.2   1
   392.3    157.7   1
   366.6    141.4   1
   318.0    146.2   1
   322.3    119.5   1
   306.3    107.0   1
   280.6    113.8   1
   237.7     88.0   1
   201.9     61.8   1
   200.0     71.7   1
   184.9     60.3   1
   136.8     37.0   1
   112.4     40.9   1
   512.1    245.5   0
   497.4    229.1   1
   493.1    244.8   0
   486.1    232.2   1
   348.9    183.0   0
   377.6    198.6   1
   372.2    192.1   1
   341.2    179.3   0
   309.5    162.5   1
   283.1    154.2   0
   247.9    144.1   1
   236.3    139.1   0
   196.7    120.6   1
   220.2    357.5   0
   214.8    350.0   1
   213.3    344.8   1
   211.1    335.6   1
   212.2    322.7   1
   213.8    315.8   1
   219.5    296.2   1
   223.7    283.5   1
   229.0    267.9   1
   235.1    256.4   1
   244.3    243.2   1
   244.8    237.2   1
   246.2    232.3   1
   247.3    231.4   1
   131.5    350.7   0
   135.5    339.0   1
   136.4    328.1   1
   140.7    313.4   1
   140.0    299.3   1
   142.1    275.4   1
   142.4    260.3   1
   134.5    235.6   1
   122.5    223.5   1
   116.0    217.9   1
   135.0    345.0   0
   124.9    334.1   1
   112.9    333.1   1
   103.6    336.3   1
    96.9    344.7   1
    96.2    352.7   1
    96.6    358.7   1
    95.7    346.6   0
    79.2    351.2   1
    74.5    358.8   1
    71.8    366.6   1
    71.0    376.6   1
    81.2    385.5   1
    72.8    367.7   0
    60.6    368.6   1
    52.7    367.9   1
    50.1    373.7   1
    47.5    381.5   1
    47.8    389.6   1
    53.0    398.1   1
    61.3    406.8   1
    71.8    412.8   1
    78.8    413.4   1
    83.8    413.8   1
   214.4    343.9   0
   219.0    337.3   1
   224.2    334.8   1
   227.2    335.0   1
   233.3    334.5   1
   239.0    338.1   1
   241.9    339.3   1
   245.8    340.7   1
   248.5    343.9   1
   250.0    350.1   1
   249.7    353.0   1
   249.4    357.0   1
   246.0    360.8   1
   244.8    363.7   1
   251.4    356.2   0
   260.4    357.0   1
   262.3    358.2   1
   265.1    360.4   1
   268.8    364.7   1
   270.2    370.9   1
   268.8    375.8   1
   267.0    384.7   1
   263.9    385.4   1
   262.0    385.2   1
   257.8    386.9   1
   253.8    386.5   1
   247.8    386.0   1
   252.7    387.4   1
   255.7    387.7   1
   260.7    388.1   1
   267.7    388.7   1
   272.3    393.2   1
   273.9    397.3   1
   275.5    402.5   1
   275.0    408.5   1
   273.8    410.4   1
   267.0    419.8   1
   263.8    421.5   1
   249.7    422.3   1
   238.8    420.4   1
   230.9    418.7   1
   246.6    423.0   1
   252.3    426.6   1
   252.0    430.5   1
   249.5    436.3   1
   248.8    443.3   1
   241.3    448.7   1
   214.5    445.3   1
   207.0    439.7   1
   206.6    432.6   1
   207.0    428.6   1
   207.1    426.6   1
   207.4    423.6   1
   209.3    436.8   1
   205.8    441.6   1
   205.4    446.5   1
   200.2    449.1   1
   186.0    449.9   1
   176.2    448.0   1
   172.3    445.7   1
   165.6    442.1   1
   161.8    428.7   1
   161.2    423.6   1
   165.0    438.0   1
   160.3    445.6   1
   151.2    446.8   1
   145.1    447.3   1
   138.1    446.7   1
   131.2    445.1   1
   122.5    441.3   1
   110.5    429.2   1
   113.4    419.4   1
   114.7    416.5   1
   110.5    430.2   1
    96.1    434.0   1
    87.1    433.2   1
    78.7    426.4   1
    76.7    426.3   1
    77.3    419.3   1
    80.6    415.6   1
    81.7    414.7   1
   213.4    343.8   0
   210.5    342.6   1
   210.7    339.6   1
   202.0    335.8   1
   202.1    334.8   1
   202.4    331.8   1
   200.6    329.7   1
   198.6    329.5   1
   197.6    329.4   1
   190.6    328.8   1
   187.5    329.5   1
   185.3    332.4   1
   184.8    337.3   1
   181.2    344.0   1
   181.1    346.0   1
   177.9    336.7   1
   177.4    330.7   1
   174.6    328.4   1
   170.7    327.1   1
   165.9    324.6   1
   163.9    324.5   1
   161.5    328.3   1
   148.8    325.1   1
   147.5    328.1   1
   138.7    336.3   1
   134.3    341.0   1
   132.2    342.8   1
   234.4    390.9   0
   229.8    385.4   1
   228.9    384.4   1
   227.0    383.2   1
   222.1    381.8   1
   219.1    381.5   1
   217.1    381.3   1
   209.2    379.6   1
   207.2    380.4   1
   205.0    382.3   1
   203.8    384.2   1
   173.0    403.6   0
   162.4    398.6   1
   156.4    398.1   1
   153.4    397.8   1
   149.4    398.5   1
   143.4    398.0   1
   138.3    398.5   1
   135.2    399.3   1
   148.4    375.3   0
   132.1    366.9   1
   128.0    367.5   1
   118.8    369.7   1
   112.2    376.2   1
   107.0    377.7   1
   104.8    380.5   1
   212.2    379.9   0
   212.8    372.9   1
   215.1    370.1   1
   218.1    370.4   1
   218.3    367.4   1
   218.6    364.4   1
   217.6    364.3   1
   215.6    364.1   1
   208.6    363.5   1
   207.2    368.4   1
   209.9    371.7   1
   215.1    370.1   1
   215.3    368.1   1
   216.4    366.2   1
   212.4    365.8   1
   209.3    367.6   1
   211.0    370.7   1
   213.2    368.9   1
   134.9    369.1   0
   134.6    361.1   1
   134.7    359.1   1
   135.7    359.1   1
   135.7    359.1   1
   135.8    358.1   1
   137.8    358.3   1
   138.8    358.4   1
   139.8    358.5   1
   141.2    354.6   1
   141.4    351.6   1
   135.6    349.1   1
   134.6    349.0   1
   130.3    352.6   1
   128.2    353.5   1
   128.9    356.5   1
   133.8    359.0   1
   134.7    359.1   1
   133.8    358.0   1
   134.0    356.0   1
   135.4    352.1   1
   132.3    352.8   1
   138.8    358.4   1
   139.0    356.4   1
   137.1    355.2   1
   135.0    356.1   1
   139.2    354.4   1
   138.2    354.3   1
   130.1    354.6   1
   168.3    400.1   0
   170.3    388.3   1
   174.3    388.6   1
   175.4    387.7   1
   176.5    386.8   1
   177.7    384.9   1
   178.8    383.0   1
   179.1    380.0   1
   178.3    377.9   1
   173.3    377.5   1
   170.4    376.2   1
   164.3    376.7   1
   167.7    384.0   1
   170.5    386.3   1
   169.4    387.2   1
   167.6    385.0   1
   172.8    383.5   1
   175.4    387.7   1
   176.8    383.8   1
   175.9    381.7   1
   172.9    381.5   1
   170.2    390.3   1
   175.6    385.7   1
   175.8    383.7   1
   168.0    381.0   1
   167.1    379.0   1
   171.0    380.3   1
   174.0    380.6   1
   174.1    379.6   1
   184.2    379.4   1
   175.0    380.6   1
   169.9    382.2   1
   168.9    382.1   1
   140.4    397.7   0
   141.4    386.7   1
   146.4    386.2   1
   147.6    384.3   1
   147.6    384.3   1
   148.7    383.4   1
   147.2    377.2   1
   142.3    375.8   1
   137.3    375.3   1
   134.2    377.1   1
   133.8    381.1   1
   138.5    384.5   1
   142.3    387.8   1
   143.3    387.9   1
   146.3    387.2   1
   147.0    380.2   1
   144.9    381.0   1
   144.6    384.0   1
   141.8    381.8   1
   140.8    381.7   1
   140.3    387.6   1
   140.7    382.7   1
   138.0    379.4   1
   133.2    377.0   1
   145.3    388.1   1
   143.4    385.9   1
   143.6    383.9   1
   143.0    379.9   1
   139.1    378.5   1
   139.0    379.5   1
   144.1    378.9   1
   145.0    379.0   1
