   461.7    168.3   0
   415.1    168.9   1
   354.1    163.4   1
   283.4    152.1   1
   211.2    132.4   1
   134.3    102.0   1
    95.5     76.5   1
   267.5    283.6   0
   277.8    260.8   1
   290.0    275.8   1
   294.1    288.5   1
   300.9    294.9   1
   307.5    299.5   1
   315.5    301.9   1
   326.4    303.8   1
   339.5    302.4   1
   345.8    300.3   1
   357.2    294.5   1
   361.4    286.1   1
   357.3    273.5   1
   347.3    265.7   1
   354.4    295.0   0
   352.7    280.0   1
   345.0    263.3   1
   338.4    253.0   1
   337.5    258.9   0
   336.2    245.8   1
   331.4    229.4   1
   324.1    209.7   1
   317.4    188.0   1
   310.6    171.1   1
   306.3    157.5   1
   288.9    275.1   0
   296.2    278.6   1
   278.9    261.6   0
   275.1    256.5   1
   269.8    247.9   1
   266.9    242.7   1
   265.2    238.2   1
   263.0    231.0   1
   261.2    220.8   1
   258.4    205.1   0
   252.6    199.4   1
   237.7    184.9   1
   230.2    174.8   1
   219.7    158.5   1
   214.4    145.1   1
   210.8    135.3   1
   210.5    133.4   1
   261.5    222.7   0
   259.9    213.4   1
   258.9    207.9   1
   258.9    207.9   0
   258.6    206.0   1
   262.2    232.1   0
   259.4    216.4   1
   258.2    204.2   1
   351.4    402.4   0
   354.2    391.4   1
   358.4    393.5   0
   355.2    386.4   1
   325.7    348.7   1
   305.8    333.1   1
   273.4    306.4   1
   261.9    300.8   1
   259.2    301.3   1
   269.8    280.4   1
   353.8    394.3   0
   355.4    387.3   1
   352.5    403.1   0
   359.9    401.8   1
   365.1    399.0   1
   368.4    390.8   1
   370.2    379.0   1
   368.8    365.9   1
   368.9    377.3   0
   374.7    372.5   1
   385.9    360.0   1
   398.1    342.6   1
   415.0    319.6   1
   428.7    294.3   1
   439.0    266.7   1
   447.0    247.2   1
   322.8    159.4   0
   333.8    178.4   1
   352.9    199.9   1
   377.7    210.8   1
   396.2    213.2   1
   448.3    248.9   0
   429.5    256.0   1
   409.4    255.7   1
   392.7    252.9   1
   370.1    243.6   1
   363.4    238.1   1
   353.6    225.5   1
   346.0    209.7   1
   338.4    188.1   1
   335.4    182.0   1
   444.6    249.5   0
   461.0    239.9   1
   475.1    227.9   1
   483.2    214.1   1
   485.4    205.1   1
   485.5    200.3   1
   482.2    192.3   1
   474.1    184.2   1
   463.8    174.6   1
   454.3    169.6   1
   454.3    169.6   1
   361.6    287.1   0
   366.9    344.3   1
   200.8    300.2   0
   199.8    300.3   1
   193.3    306.3   1
   188.9    313.7   1
   152.1    326.9   0
   144.1    319.7   1
   134.4    308.0   1
   128.5    295.7   1
   128.0    293.0   0
   139.2    286.2   1
   159.1    275.1   1
   176.5    259.6   1
   201.4    298.1   0
   198.1    290.1   1
   195.1    273.5   1
   195.2    263.0   1
   195.0    245.9   1
   195.4    221.0   1
   194.0    185.9   1
   191.9    157.7   1
   189.2    137.2   1
   186.9    124.2   1
   182.8    273.8   0
   178.3    259.3   1
   170.2    240.7   1
   160.1    215.8   1
   152.1    197.2   1
   147.7    188.4   1
   146.9    183.8   1
   147.5    171.3   1
   150.7    151.6   1
   153.9    132.0   1
   159.2    112.9   1
   178.3    259.3   0
   169.8    302.8   1
   133.8    288.1   0
   133.5    286.3   1
   128.2    267.2   1
   124.4    245.9   1
   124.0    232.6   1
   124.4    224.0   1
   120.8    219.8   1
   117.1    210.0   1
   109.7    189.4   1
   105.5    171.0   1
   100.2    146.2   1
    95.5    125.1   1
    92.2    100.9   1
    91.4     80.1   1
    93.3     74.9   1
    97.7     78.0   0
    70.4     53.2   1
   123.9    237.4   0
   111.1    240.6   1
    99.8    241.7   1
    86.4    241.2   1
    70.6    232.5   1
    58.1    221.4   1
    45.8    205.4   1
    39.0    194.2   1
    36.8    187.0   1
    37.0    183.1   1
    41.0    172.9   1
    53.3    156.4   1
    77.2    135.0   1
    95.0    122.3   1
   107.6    183.1   0
    84.3    186.2   1
    84.3    186.2   1
   207.2    309.5   0
   189.8    313.5   1
   170.8    319.7   1
   155.8    326.2   1
   151.6    329.8   1
   146.9    335.4   1
   143.3    341.8   1
   143.0    351.4   1
   128.8    378.7   1
   126.5    381.9   1
   123.8    388.1   1
   125.6    398.3   1
   127.5    403.7   1
   142.9    453.4   1
   198.9    311.0   0
   204.2    303.4   1
   216.7    298.3   1
   231.9    298.5   1
   247.6    300.5   1
   247.6    300.5   1
   154.6    481.9   0
   147.1    488.0   1
   140.0    491.1   1
   134.8    488.3   1
   132.7    481.9   1
   132.5    475.3   1
   134.9    467.3   1
   139.4    460.7   1
   142.9    453.4   1
   142.9    453.4   1
   191.8    443.9   0
   192.3    436.1   1
   190.7    426.9   1
   187.4    418.9   1
   179.9    408.8   1
   143.5    451.4   0
   152.2    441.3   1
   161.3    433.0   1
   173.6    427.0   1
   189.3    424.3   1
   178.8    408.0   0
   177.0    414.0   1
   163.5    413.6   1
   156.1    414.9   1
   148.4    424.8   1
   141.0    442.3   1
   226.2    422.5   0
   234.3    414.4   1
   239.6    406.8   1
   233.2    403.2   1
   230.7    399.8   1
   229.7    399.0   1
   239.9    402.9   1
   247.5    402.6   1
   253.3    403.4   1
   250.0    405.9   1
   255.1    407.9   1
   270.2    412.9   1
   288.6    414.4   1
   306.3    417.0   1
   310.0    416.3   1
   154.6    481.9   0
   163.5    472.7   1
   169.6    464.0   1
   174.6    454.5   1
   182.0    442.7   1
   187.1    439.0   1
   191.9    439.1   1
   192.1    440.0   1
   154.8    482.8   0
   162.3    482.4   1
   169.7    475.4   1
   176.7    466.6   1
   182.5    456.0   1
   185.7    452.6   1
   188.0    449.3   1
   191.8    449.6   1
   192.4    458.1   1
   194.9    450.9   1
   195.8    445.1   1
   195.3    442.3   1
   193.0    439.8   1
   230.6    447.5   0
   226.9    431.9   1
   225.6    424.5   1
   230.4    446.6   0
   230.6    437.0   1
   329.1    449.2   0
   338.8    438.9   1
   346.5    429.0   1
   350.9    415.8   1
   351.9    405.1   1
   351.4    402.4   1
   158.8    484.0   0
   189.3    489.1   1
   217.8    488.9   1
   247.2    487.5   1
   271.7    486.0   1
   303.6    477.5   1
   303.6    477.5   0
   321.0    484.0   1
   341.0    484.3   1
   348.1    481.1   1
   347.6    472.7   1
   344.1    463.7   1
   340.5    459.6   1
   332.7    453.3   1
   331.1    449.8   1
   227.9    427.0   0
   237.4    415.8   1
   253.4    431.1   1
   261.1    436.4   1
   281.3    443.3   1
   295.1    445.7   1
   313.5    447.2   1
   321.4    448.7   1
   326.7    451.5   1
   319.9    440.3   1
   314.9    427.9   1
   313.0    422.5   1
   310.1    417.3   1
   302.7    477.7   0
   290.8    475.0   1
   282.2    469.9   1
   274.6    464.5   1
   266.7    457.4   1
   257.5    448.5   1
   243.9    436.6   1
   239.2    431.7   1
   235.2    430.5   1
   231.5    431.1   1
   228.7    431.6   1
   296.2    478.9   0
   287.5    478.5   1
   277.5    475.5   1
   268.9    470.3   1
   262.4    465.7   1
   253.7    459.6   1
   245.9    453.4   1
   241.1    447.6   1
   236.4    442.7   1
   231.9    438.7   1
   228.2    439.3   1
   334.6    410.1   0
   340.1    403.4   1
   345.0    393.0   1
   340.9    386.1   1
   335.9    385.1   1
   333.2    385.5   1
   329.8    388.0   1
   327.0    388.5   1
   325.5    390.7   1
   320.1    392.6   1
   318.1    397.7   1
   316.5    404.7   1
   317.8    412.1   1
   320.3    415.5   1
   325.1    415.6   1
   328.8    414.9   1
   333.3    413.2   1
   335.7    410.8   1
   239.6    487.9   0
   238.2    485.3   1
   236.3    479.9   1
   239.5    476.5   1
   246.3    477.2   1
   250.7    480.2   1
   251.3    483.9   1
   227.0    475.8   0
   223.3    476.5   1
   218.9    473.4   1
   214.1    467.6   1
   215.1    462.6   1
   219.4    460.0   1
   225.3    460.8   1
   227.0    465.3   1
   227.7    469.0   1
   212.5    490.8   0
   211.2    489.1   1
   207.5    484.0   1
   208.5    479.1   1
   212.2    478.4   1
   216.2    479.6   1
   216.7    482.4   1
   218.1    485.0   1
   219.5    487.6   1
   220.6    488.4   1
   197.3    475.3   0
   199.1    479.8   1
   197.6    482.0   1
   194.8    482.4   1
   191.7    481.1   1
   189.0    476.8   1
   187.6    474.2   1
   184.5    489.0   0
   180.0    485.1   1
   180.2    481.2   1
   179.9    479.3   1
   183.5    477.8   1
   186.7    480.0   1
   188.1    482.7   1
   231.2    445.5   0
   227.7    436.6   1
   216.8    390.8   0
   210.4    387.2   1
   207.1    384.9   1
   204.2    384.4   1
   199.6    385.3   1
   194.7    389.9   1
   191.8    395.2   1
   216.8    390.8   0
   210.3    392.0   1
   205.5    391.8   1
   198.9    392.1   1
   192.5    394.1   1
   141.0    367.0   0
   145.2    363.4   1
   139.9    366.2   0
   140.4    363.3   1
   141.2    357.4   1
   145.8    361.4   0
   176.2    360.8   1
   186.1    362.8   1
   197.3    356.1   1
   210.5    360.4   1
   238.2    355.6   1
   256.4    350.4   1
   259.3    345.2   1
   259.3    345.2   1
   142.0    356.3   0
   153.6    357.1   1
   168.0    357.5   1
   186.0    357.1   1
   194.6    351.8   1
   202.3    352.3   1
   211.7    356.4   1
   243.1    350.9   1
   251.4    349.4   1
   259.4    346.1   1
   297.9    445.2   0
   302.6    439.6   1
   303.5    433.7   1
   302.5    428.1   1
   297.1    424.3   1
   287.3    423.2   1
   279.9    424.5   1
   274.9    428.3   1
   272.3    435.4   1
   274.2    440.8   1
   152.8    439.3   0
   149.9    438.9   1
   147.1    433.6   1
   148.1    428.7   1
   151.9    423.2   1
   156.4    421.5   1
   162.2    422.4   1
   165.5    424.7   1
   167.4    430.0   1
   292.9    438.4   0
   283.0    436.4   1
   152.9    434.5   0
   159.7    429.5   1
