   200.5    159.1   0
   207.2    162.5   1
   213.6    164.4   1
   225.9    165.3   1
   237.4    161.7   1
   243.7    154.5   1
   246.1    142.0   1
   246.1    125.2   1
   241.6    107.8   1
   235.6     99.8   1
   228.6     94.9   1
   215.8     91.1   1
   202.6     93.4   1
   192.1    102.9   1
   187.3    118.9   1
   189.5    139.8   1
   195.3    155.5   1
   198.7    157.9   1
   205.9    190.1   0
   213.8    165.9   1
   187.7    112.8   0
   130.3    122.9   1
   104.4    217.1   0
    94.0    209.8   1
    82.8    198.1   1
    72.1    180.3   1
    67.0    169.0   1
    63.0    154.5   1
    61.8    139.5   1
    63.0    128.7   1
    71.5    116.6   1
    85.4    109.5   1
   100.4    108.4   1
   108.8    113.0   1
   116.0    119.3   1
   128.1    127.8   1
   131.5    121.2   0
   122.9    124.2   1
   187.7    112.8   0
   125.9    123.7   1
   122.7    122.7   0
   123.0    123.0   1
   123.9    121.0   0
   120.1    108.0   1
   114.8     95.2   1
   107.3     87.4   1
    96.9     80.2   1
    83.2     79.6   1
    67.5     85.4   1
    60.4     97.2   1
    60.4    114.0   1
    62.2    124.3   1
    63.9    125.5   1
   105.8    216.8   0
   204.5    199.4   1
   206.6    185.4   0
   206.0    199.2   1
   204.6    208.5   0
    97.1    227.5   1
   102.9    217.3   1
   207.3    206.5   0
   203.3    201.1   1
    99.0    221.1   0
    69.1    232.4   1
    57.7    219.2   1
    79.1    194.2   1
   185.4    202.8   0
   162.2    191.7   1
   165.5    175.9   1
   211.9    172.3   1
   211.9    172.3   1
   160.7    192.0   0
   155.3    195.9   1
   152.4    196.5   1
   144.5    194.8   1
   139.3    191.2   1
   136.8    185.5   1
   137.5    180.9   1
   142.6    175.4   1
   151.4    173.8   1
   159.1    174.0   1
   166.0    178.9   1
   166.0    178.9   1
    67.6    232.7   0
    66.5    243.5   1
    59.9    249.2   1
    48.1    251.3   1
    42.7    246.2   1
    39.9    239.1   1
    39.8    230.0   1
    45.2    226.0   1
    56.5    221.0   1
   137.5    180.9   0
   112.4    185.3   1
   109.4    176.7   1
   107.3    164.9   1
   113.4    156.3   1
   121.5    150.3   1
   145.3    147.6   1
   161.8    155.3   1
   168.1    164.8   1
   171.1    173.4   1
   121.8    212.5   0
   115.6    212.1   1
   107.4    199.8   1
    97.9    180.3   1
    95.0    164.1   1
    98.8    151.2   1
   111.1    143.0   1
   125.3    137.4   1
   141.7    136.1   1
   160.4    138.8   1
   172.1    144.4   1
   182.8    162.2   1
   183.7    175.8   1
   183.7    175.8   1
   200.6    358.1   0
   189.6    355.5   1
    75.7    304.2   0
    75.2    301.2   1
   227.0    277.0   0
   221.0    294.0   1
   199.2    358.3   0
   178.3    360.5   1
   162.8    358.7   1
   148.7    356.6   1
   126.3    349.9   1
   107.7    339.5   1
    93.6    328.3   1
    82.7    318.1   1
    78.2    309.8   1
    74.9    299.7   1
    74.6    289.2   1
    75.3    284.5   1
    79.5    265.5   1
    90.2    248.5   1
    99.1    230.2   1
   200.4    356.6   0
   216.3    352.3   1
   231.8    345.0   1
   252.0    330.8   1
   266.8    311.5   1
   277.2    283.8   1
   276.8    273.2   1
   273.7    255.6   1
   262.0    240.9   1
   250.8    229.2   1
   232.0    217.3   1
   218.9    212.1   1
   207.6    208.0   1
   207.6    208.0   1
   226.8    317.0   0
   244.0    310.9   1
   251.3    300.5   1
   255.8    283.0   1
   254.3    257.5   1
   247.4    235.9   1
   240.9    224.9   1
   244.3    269.9   0
   232.4    262.8   1
   218.4    260.8   1
   203.4    261.9   1
   182.8    265.5   1
   153.3    270.7   1
   131.8    277.6   1
   117.8    284.6   1
   100.2    296.8   1
    92.0    310.4   1
    93.5    319.2   1
   103.7    325.1   1
   116.9    322.7   1
   122.3    318.7   1
    92.9    307.2   0
    91.5    290.7   1
    94.6    273.5   1
   101.0    249.6   1
   106.5    228.9   1
   209.8    341.3   0
   218.9    341.2   1
   223.3    340.4   1
   227.2    336.7   1
   230.1    327.1   1
   228.3    316.7   1
   222.0    307.2   1
   214.2    305.6   1
   206.8    306.9   1
   201.4    310.8   1
   199.5    317.3   1
   200.4    330.8   1
   204.6    337.6   1
   208.4    341.5   1
   208.4    341.5   1
   105.4    326.3   0
   120.5    334.2   1
   133.6    339.5   1
   148.8    339.9   1
   164.1    340.2   1
   180.3    337.4   1
   200.1    329.3   0
   202.5    342.6   1
   195.9    348.3   1
   187.0    349.8   1
   178.9    346.7   1
   173.9    335.5   1
   172.3    326.6   1
   175.7    319.9   1
   184.3    316.9   1
   193.6    318.3   1
   198.6    320.5   1
   200.1    329.3   1
   191.8    333.8   0
   188.9    343.4   1
   180.3    337.4   1
   221.7    322.5   0
   218.8    332.1   1
   208.7    326.3   1
   190.4    317.3   0
   196.3    316.3   1
   200.2    312.6   1
   200.9    307.9   1
   196.7    301.1   1
   189.0    300.9   1
   183.7    304.9   1
   181.8    311.3   1
   182.8    317.2   1
   186.0    318.1   1
   186.0    318.1   1
   193.5    300.1   0
   194.8    290.7   1
   193.3    281.9   1
   188.8    273.6   1
   181.6    267.3   1
   166.9    304.8   0
   158.0    293.0   1
   112.2    287.1   0
   112.3    279.5   1
   116.9    262.0   1
   127.5    244.9   1
   143.6    232.9   1
   167.2    228.8   1
   188.1    226.6   1
   211.3    237.7   1
   225.4    248.9   1
   237.4    265.0   1
   123.2    254.8   0
   151.5    260.4   1
   167.0    262.2   1
   185.9    257.4   1
   202.8    249.8   1
   215.3    243.1   1
