    47.0    480.0   0
    25.0    484.0   1
    19.0    483.0   1
    17.0    478.0   1
    19.0    473.0   1
    21.0    470.0   1
    25.0    465.0   1
    30.0    461.0   1
    36.0    458.0   1
    45.0    453.0   1
    57.0    451.0   1
    62.0    448.0   1
    71.0    443.0   1
    78.0    436.0   1
    86.0    428.0   1
    94.0    414.0   1
    99.0    401.0   1
   102.0    382.0   1
   104.0    361.0   1
   103.0    347.0   1
   101.0    339.0   1
    98.0    323.0   1
    94.0    301.0   1
    93.0    280.0   1
    94.0    265.0   1
   100.0    249.0   1
   109.0    235.0   1
   113.0    228.0   1
   113.0    227.0   1
   131.0    234.0   0
   120.0    229.0   1
   113.0    217.0   1
   113.0    201.0   1
   108.0    186.0   1
   108.0    177.0   1
   114.0    167.0   1
   119.0    160.0   1
   119.0    159.0   1
   168.0    161.0   0
   167.0    157.0   1
   168.0    152.0   1
   169.0    138.0   1
   169.0    126.0   1
   167.0    112.0   1
   161.0    101.0   1
   155.0     92.0   1
   151.0     84.0   1
   148.0     75.0   1
   145.0     62.0   1
   143.0     52.0   1
   142.0     48.0   1
   108.0     47.0   1
   108.0     55.0   1
   111.0     61.0   1
   111.0     65.0   1
   112.0     66.0   1
   116.0     69.0   1
   119.0     72.0   1
   120.0     76.0   1
   122.0     81.0   1
   123.0     85.0   1
   124.0     92.0   1
   126.0     96.0   1
   129.0    103.0   1
   133.0    111.0   1
   135.0    116.0   1
   133.0    124.0   1
   132.0    133.0   1
   131.0    142.0   1
   127.0    150.0   1
   122.0    158.0   1
   122.0    163.0   1
   123.0    171.0   1
   127.0    183.0   1
   131.0    191.0   1
   133.0    193.0   1
   168.0    140.0   0
   173.0    144.0   1
   174.0    148.0   1
   176.0    153.0   1
   176.0    160.0   1
   175.0    166.0   1
   175.0    167.0   1
   171.0    125.0   0
   182.0    124.0   1
   197.0    121.0   1
   218.0    118.0   1
   235.0    123.0   1
   250.0    124.0   1
   254.0    125.0   1
   277.0    199.0   0
   274.0    186.0   1
   274.0    168.0   1
   272.0    155.0   1
   270.0    138.0   1
   274.0    131.0   1
   287.0    119.0   1
   302.0     91.0   1
   305.0     86.0   1
   314.0     75.0   1
   320.0     66.0   1
   322.0     60.0   1
   322.0     57.0   1
   315.0     56.0   1
   314.0     54.0   1
   316.0     47.0   1
   318.0     46.0   1
   328.0     50.0   1
   335.0     52.0   1
   322.0     46.0   1
   327.0     45.0   1
   336.0     45.0   1
   340.0     45.0   1
   346.0     45.0   1
   351.0     47.0   1
   351.0     53.0   1
   349.0     63.0   1
   350.0     69.0   1
   346.0     74.0   1
   342.0     84.0   1
   338.0     90.0   1
   332.0     99.0   1
   327.0    108.0   1
   323.0    115.0   1
   316.0    124.0   1
   312.0    131.0   1
   311.0    142.0   1
   315.0    154.0   1
   318.0    165.0   1
   319.0    171.0   1
   322.0    183.0   1
   321.0    193.0   1
   320.0    197.0   1
   313.0    131.0   0
   319.0    137.0   1
   325.0    149.0   1
   329.0    159.0   1
   329.0    164.0   1
   270.0    143.0   0
   266.0    145.0   1
   261.0    150.0   1
   257.0    157.0   1
   251.0    167.0   1
   246.0    176.0   1
   248.0    171.0   1
   286.0    118.0   0
   279.0    119.0   1
   272.0    121.0   1
   259.0    121.0   1
   251.0    125.0   1
   246.0    129.0   1
   245.0    131.0   1
   257.0    122.0   0
   257.0    115.0   1
   260.0    106.0   1
   261.0     94.0   1
   263.0     84.0   1
   264.0     75.0   1
   263.0     64.0   1
   260.0     57.0   1
   257.0     54.0   1
   256.0     51.0   1
   258.0     46.0   1
   271.0     48.0   1
   274.0     47.0   1
   281.0     48.0   1
   286.0     49.0   1
   289.0     54.0   1
   292.0     61.0   1
   292.0     69.0   1
   292.0     76.0   1
   292.0     86.0   1
   292.0     93.0   1
   293.0    102.0   1
   293.0    107.0   1
   293.0    111.0   1
   205.0    118.0   0
   206.0    109.0   1
   208.0     96.0   1
   209.0     84.0   1
   206.0     70.0   1
   204.0     62.0   1
   200.0     52.0   1
   199.0     50.0   1
   192.0     49.0   1
   184.0     49.0   1
   181.0     49.0   1
   174.0     50.0   1
   174.0     51.0   1
   177.0     64.0   1
   178.0     70.0   1
   180.0     77.0   1
   180.0     84.0   1
   180.0     92.0   1
   180.0    102.0   1
   177.0    110.0   1
   176.0    115.0   1
   174.0    120.0   1
   173.0    123.0   1
   172.0    125.0   1
   111.0    202.0   0
   108.0    208.0   1
   103.0    221.0   1
    97.0    229.0   1
    93.0    238.0   1
    90.0    246.0   1
    87.0    257.0   1
    87.0    269.0   1
    87.0    283.0   1
    88.0    299.0   1
    90.0    312.0   1
    93.0    322.0   1
    97.0    331.0   1
   104.0    343.0   1
   104.0    345.0   1
    48.0    473.0   0
    48.0    473.0   1
    48.0    472.0   1
    50.0    471.0   1
    51.0    470.0   1
    45.0    472.0   1
    42.0    473.0   1
    42.0    473.0   1
    43.0    473.0   1
    17.0    480.0   0
    20.0    479.0   1
    25.0    477.0   1
    28.0    476.0   1
    31.0    474.0   1
    34.0    472.0   1
    36.0    471.0   1
    37.0    470.0   1
    39.0    469.0   1
    41.0    468.0   1
    42.0    468.0   1
    45.0    467.0   1
    48.0    467.0   1
    49.0    466.0   1
    51.0    465.0   1
    51.0    464.0   1
    47.0    481.0   0
    70.0    468.0   1
    82.0    460.0   1
    90.0    454.0   1
   101.0    446.0   1
   107.0    440.0   1
   113.0    434.0   1
   120.0    423.0   1
   122.0    417.0   1
   126.0    407.0   1
   127.0    400.0   1
   131.0    390.0   1
   134.0    383.0   1
   136.0    373.0   1
   139.0    362.0   1
   140.0    357.0   1
   140.0    349.0   1
   141.0    339.0   1
   140.0    333.0   1
   139.0    325.0   1
   140.0    322.0   1
   140.0    303.0   1
   139.0    300.0   1
   140.0    286.0   1
   143.0    280.0   1
   150.0    270.0   1
   156.0    263.0   1
   162.0    256.0   1
   170.0    253.0   1
   181.0    250.0   1
   193.0    248.0   1
   209.0    247.0   1
   224.0    248.0   1
   234.0    249.0   1
   247.0    250.0   1
   264.0    251.0   1
   274.0    252.0   1
   299.0    250.0   1
   315.0    243.0   1
   332.0    234.0   1
   348.0    227.0   1
   360.0    215.0   1
   377.0    198.0   1
   407.0    180.0   1
   445.0    163.0   1
   465.0    149.0   1
   492.0    136.0   1
   524.0    120.0   1
   554.0    110.0   1
   582.0    106.0   1
   614.0    105.0   1
   640.0    104.0   1
   650.0    103.0   1
   647.0     99.0   1
   631.0     96.0   1
   617.0     91.0   1
   608.0     91.0   1
   595.0     90.0   1
   580.0     86.0   1
   561.0     83.0   1
   541.0     81.0   1
   517.0     87.0   1
   502.0     93.0   1
   483.0     98.0   1
   467.0    102.0   1
   449.0    108.0   1
   429.0    116.0   1
   412.0    122.0   1
   393.0    127.0   1
   381.0    131.0   1
   367.0    135.0   1
   353.0    137.0   1
   343.0    136.0   1
   334.0    133.0   1
   322.0    131.0   1
   321.0    130.0   1
   316.0    130.0   1
   333.0    151.0   0
   348.0    152.0   1
   361.0    154.0   1
   374.0    156.0   1
   384.0    149.0   1
   406.0    145.0   1
   426.0    140.0   1
   446.0    132.0   1
   460.0    126.0   1
   473.0    116.0   1
   488.0    108.0   1
   506.0    104.0   1
   512.0    102.0   1
   514.0    101.0   1
   259.0    154.0   0
   250.0    149.0   1
   236.0    145.0   1
   223.0    141.0   1
   214.0    142.0   1
   205.0    143.0   1
   205.0    143.0   1
   175.0    161.0   0
   180.0    164.0   1
   186.0    167.0   1
   187.0    172.0   1
   185.0    180.0   1
   183.0    189.0   1
   185.0    194.0   1
   189.0    194.0   1
   184.0    163.0   0
   189.0    165.0   1
   194.0    169.0   1
   193.0    171.0   1
   308.0    177.0   0
   309.0    170.0   1
   312.0    160.0   1
   306.0    139.0   1
   302.0    135.0   1
   305.0    129.0   1
   312.0    124.0   1
   312.0    124.0   1
   159.0    142.0   0
   158.0    128.0   1
   159.0    117.0   1
   156.0    103.0   1
   151.0     97.0   1
   149.0     94.0   1
