   160.8    268.1   0
   150.4    269.2   1
   141.6    266.0   1
   132.8    264.4   1
   125.6    258.0   1
   117.6    251.6   1
   112.0    247.6   1
   101.6    242.0   1
   109.6    242.8   0
    68.0    239.6   1
    66.6    238.7   0
    59.4    241.3   1
    51.9    241.3   1
    40.9    233.9   1
    39.8    233.9   1
    34.8    218.0   1
    36.1    207.0   1
    40.9    192.3   1
    43.2    182.0   1
    50.7    199.7   0
    48.2    186.2   1
    42.2    177.7   1
    86.2     73.7   0
    91.1     73.7   1
    92.2     77.4   1
    88.6     78.6   1
    84.9     78.6   1
    83.8     84.7   1
    77.7     85.8   1
    76.4     83.4   1
    78.8     81.0   1
    80.1     78.6   1
    80.1     78.6   0
    77.7     73.7   1
    70.2     71.3   1
    64.2     72.5   1
    60.5     81.0   1
    59.2     88.4   1
   110.7    242.4   0
   121.7    241.3   1
   125.4    241.3   1
   135.1    237.6   1
   141.2    231.5   1
   143.7    224.1   1
   142.5    219.1   1
   142.5    215.6   1
   140.0    210.6   1
   141.2    205.8   1
   143.7    203.3   1
   151.0    192.3   1
   151.0    186.2   1
   148.6    180.1   1
   145.0    171.4   1
   143.7    169.0   1
   141.2    161.7   1
   137.5    152.0   1
   137.5    153.1   0
   137.5    147.0   1
   136.3    145.8   1
   132.7    144.6   1
   127.8    144.6   1
   124.1    147.0   1
   114.2    152.0   1
   111.8    156.8   1
   108.2    175.1   1
   109.4    183.8   1
   110.6    191.0   0
   109.4    205.8   1
   109.4    209.5   1
   113.1    213.0   1
   114.2    218.0   1
   113.1    221.7   1
   108.2    226.6   1
   135.1    207.0   0
   145.0    193.6   1
   145.0    186.2   1
   135.1    159.3   1
   160.8    268.1   0
   212.8    295.6   1
   214.4    296.4   0
   266.4    304.4   1
   316.0    300.4   1
   348.0    297.2   1
   375.2    278.0   1
   387.0    258.3   1
   390.7    200.9   1
   389.5    176.4   1
   385.8    156.8   1
   382.1    145.8   1
   384.6    138.5   1
   388.2    126.2   1
   384.6    111.6   1
   382.1    107.8   1
   387.0    100.5   1
   390.7     87.1   1
   385.8     68.7   1
   383.4     60.2   0
   378.4     60.2   1
   377.3     62.6   1
   376.0     60.2   1
   371.2     60.2   1
   371.2     62.6   1
   368.7     60.2   1
   359.0     60.2   1
   357.7     72.4   1
   362.6     76.1   0
   361.4     84.6   1
   357.7     90.8   1
   359.0     98.1   1
   363.8    100.5   1
   357.7    100.5   1
   355.3    117.7   1
    85.6    149.2   0
    81.6    143.6   1
    73.6    141.2   1
    66.6    139.7   1
    69.0    137.3   1
    81.6    136.4   1
    91.2    140.4   1
    87.2    150.0   0
    92.0    139.6   1
   103.4    141.0   1
   109.4    143.4   1
   110.6    144.6   0
   115.5    141.0   1
   122.9    148.3   0
   135.1    127.4   1
   136.3    116.5   1
   135.1    107.8   1
   132.6     94.5   1
   131.4     79.8   1
   130.2     72.4   1
   127.8     71.3   1
   127.8     67.5   1
   127.8     63.8   1
   135.1     62.7   1
   143.7     62.7   1
   167.0     63.8   1
   169.4     72.4   1
   165.7     85.8   1
   164.5    100.6   1
   171.8    110.4   1
   173.0    116.5   1
   170.6    119.0   1
   167.0    122.6   1
   171.8    120.1   0
   175.4    133.6   1
   176.7    139.7   1
   121.7    139.7   0
   126.5    125.0   1
   127.8    111.6   1
   126.5     93.3   1
   124.1     83.4   1
   124.1     81.0   0
   119.2     75.0   1
   119.2     67.5   1
   125.6     62.8   1
   176.7    137.3   0
   211.0    127.4   1
   252.5    123.8   1
   303.9    131.1   1
   332.0    133.2   1
   357.7     60.2   0
   346.6     60.2   1
   347.9     76.1   1
   355.3     83.4   1
   351.6     99.4   1
   356.4    100.5   1
   351.2     98.8   0
   348.0    112.4   1
   345.6    129.2   1
   332.0    133.2   1
   330.7    132.4   0
   329.6    128.7   1
   328.3    125.0   1
   330.7    121.4   1
   333.3    114.0   1
   330.7    104.2   1
   328.3     90.8   1
   323.5     78.5   1
   322.2     67.5   1
   322.2     62.6   1
   297.8     61.4   1
   285.6     63.8   1
   286.7     73.7   1
   292.8     76.1   1
   294.1     81.0   1
   301.6    102.0   1
   304.8    118.0   1
   304.8    129.2   1
   381.6    268.4   0
   395.6    264.4   1
   406.6    238.7   1
   407.8    183.7   1
   403.0    161.7   1
   406.6    147.0   1
   416.0    140.4   1
   426.2    138.5   1
   428.8    142.0   1
   432.8    146.0   1
   432.8    146.8   1
   433.6    139.6   1
   428.8    133.2   1
   421.6    134.0   1
   410.4    136.4   1
   403.0    141.0   1
   396.0    148.4   1
   395.2    167.6   1
   396.8    182.8   1
   396.8    210.8   1
   395.2    236.4   1
   388.0    250.0   1
    73.9    161.8   0
    71.2    158.0   1
    78.8    167.9   1
    81.4    181.3   1
    83.8    192.3   1
    94.7    194.7   1
    98.4    193.6   1
   103.4    192.3   1
    99.7    193.6   0
    97.2    189.9   1
    94.7    187.4   1
    87.4    187.4   1
   135.1     99.4   0
   140.0     97.0   1
   162.0     63.8   0
   159.5     70.0   1
   153.4     72.4   1
   151.0     70.0   1
   145.0     63.8   0
   141.2     73.7   1
   135.1     73.7   1
   135.1     68.8   1
   300.2     62.6   0
   299.0     71.3   1
   292.8     71.3   1
   305.0     61.4   0
   308.7     71.3   1
   314.9     67.5   1
   378.4     61.4   0
   372.3     70.0   1
   367.5     67.5   1
   361.4     62.6   0
   357.7     70.0   1
   351.6     67.5   1
   351.6     62.6   1
   120.4     75.0   0
   129.6     74.8   1
   165.7    269.4   0
   182.8    268.1   1
   189.0    264.4   1
   184.1    280.3   0
   200.0    279.2   1
   356.4    188.6   0
   352.9    175.1   1
   343.0    163.0   1
   328.3    151.9   1
   376.0    183.7   0
   359.0    163.0   1
   345.5    154.4   1
    43.4    178.8   0
    38.5    160.6   1
    36.1    125.0   1
    38.5     83.4   0
    40.9     78.6   1
    47.0     70.0   1
    62.9     60.2   1
    73.9     61.4   1
    87.2     72.4   1
    59.2     87.1   0
    71.5    156.8   1
   114.2    142.2   0
   122.9    141.0   1
    49.5    191.0   0
    42.4    189.2   1
    36.1    125.0   0
    36.1    110.4   1
   387.0     71.3   0
   387.0     61.4   1
  -139.0    -51.1   0
  -139.0    -51.1   1
    35.2    107.6   0
    38.4     84.4   1
  -431.2    233.9   0
  -431.2    233.9   1
  -431.2    233.9   1
  -431.2    233.9   1
    60.0    154.0   0
    53.6    154.0   1
    46.4    154.0   1
    38.4    158.8   1
    58.4    143.6   0
    54.4    143.6   1
    49.6    143.6   1
    41.6    144.4   1
    38.4    146.8   1
    56.0    130.0   0
    45.6    130.8   1
    39.2    132.4   1
    38.4    135.6   1
    51.2    114.0   0
    47.2    114.0   1
    40.8    114.8   1
    38.4    117.2   1
    36.0    118.8   1
    52.0     99.6   0
    49.6     99.6   1
    45.6     99.6   1
    41.6    102.8   1
    36.8    105.2   1
    51.2     84.4   0
    49.6     84.4   1
    47.2     84.4   1
    43.2     84.4   1
    37.6     86.0   1
    56.8     74.0   0
    53.6     74.0   1
    52.8     74.0   1
    49.6     74.0   1
    47.2     74.8   1
    43.2     74.8   1
    37.6    150.8   0
    32.0    146.8   1
    28.0    146.8   1
    23.2    146.8   1
    20.8    147.6   1
    20.8    144.4   1
    24.8    142.8   1
    26.4    142.0   1
    31.2    142.0   1
    35.2    142.0   1
    36.8    142.0   1
