   177.9    327.3   0
   177.0    328.3   0
   177.0    328.3   1
   174.5    345.6   1
   168.3    355.2   1
   166.1    363.4   1
   160.5    368.9   1
   153.0    374.6   1
   141.3    378.7   1
   132.3    379.4   1
   124.3    380.1   1
   147.2    377.1   0
   147.2    377.1   0
   145.9    374.2   1
   145.8    373.2   0
   144.6    370.3   1
   137.0    375.0   1
   137.0    375.0   1
   131.3    379.5   1
   128.3    379.8   1
   126.3    380.0   1
   132.3    379.4   0
   141.7    371.6   1
   148.1    365.0   1
   150.7    359.8   1
   153.4    356.5   1
   154.8    349.4   1
   156.3    344.2   1
   145.2    377.3   0
   136.5    381.1   1
   136.5    381.1   1
   133.5    381.3   1
   127.5    381.9   1
   127.5    381.9   1
   126.4    381.0   1
   121.3    379.4   1
   119.2    378.6   1
   119.0    376.6   1
   118.1    377.7   1
   120.2    378.5   0
   111.9    375.2   1
   110.6    372.3   1
   106.2    367.7   1
   105.0    365.8   1
   101.6    361.0   1
   100.4    359.1   1
    94.4    347.6   1
    93.4    336.7   1
    93.3    323.6   1
   147.2    377.1   0
   134.4    380.3   1
   131.5    381.5   1
   127.5    381.9   1
   132.5    381.4   1
   128.4    380.8   0
   126.2    378.0   0
   123.9    375.2   1
   122.7    372.3   1
   122.4    369.3   1
   122.0    364.3   1
   119.0    364.5   1
   118.1    366.6   1
   118.4    369.6   0
   118.6    371.6   1
   120.0    376.5   1
   124.3    380.1   0
   125.7    384.0   0
   120.9    397.5   1
   111.2    401.4   1
   109.2    401.5   1
   107.0    399.7   1
   107.9    398.6   1
   110.8    397.4   1
   113.8    397.1   1
   118.5    393.7   1
   120.3    391.5   1
   120.9    386.5   1
   121.5    382.4   1
   122.4    381.3   0
   114.1    389.1   1
   102.5    394.1   1
    92.5    395.0   1
    91.5    395.1   1
    90.4    393.1   1
    90.2    391.2   1
    92.2    391.0   1
    95.2    390.7   1
    99.1    390.4   1
   102.1    390.1   1
   109.9    387.4   1
   112.7    384.2   1
   115.4    380.9   1
   116.1    377.8   1
   131.6    382.5   0
   133.7    383.3   1
   138.1    388.0   1
   142.4    391.6   1
   166.1    398.6   0
   166.6    403.5   1
   162.7    404.9   1
   154.4    402.6   1
   145.0    398.4   1
   143.0    398.6   1
   139.8    395.8   1
   134.2    389.3   1
   131.9    386.5   1
   129.7    383.7   1
   128.8    384.8   0
   131.1    388.6   1
   133.8    396.4   1
   136.5    404.2   1
   139.1    411.0   1
   144.5    415.5   1
   148.8    419.1   1
   148.0    421.2   1
   144.1    422.6   0
   141.7    417.8   1
   135.3    413.3   1
   132.8    407.5   1
   130.9    397.6   1
   128.5    392.8   1
   126.0    387.0   1
   124.9    386.1   1
   166.7    348.3   0
   163.0    351.7   1
   159.0    352.0   0
   159.0    352.0   0
   162.0    351.7   1
   164.0    351.6   1
   163.9    350.6   0
   165.8    349.4   1
   165.8    349.4   1
   159.0    352.0   0
   162.0    351.7   1
   164.0    351.6   1
   165.9    350.4   1
   166.7    348.3   0
   162.1    352.7   1
   160.1    352.9   1
   159.0    352.0   1
   147.0    352.1   0
   144.0    352.3   1
   142.0    352.5   1
   138.8    350.8   1
   136.6    347.9   1
   116.2    332.7   0
   115.2    332.8   0
   112.2    333.0   1
    98.8    329.2   1
    95.6    327.4   1
    88.2    323.1   1
    85.2    323.3   1
    74.5    315.2   1
    69.2    311.7   1
    62.6    305.2   1
    63.3    302.2   1
    69.9    296.6   1
    70.9    297.5   1
    73.9    297.2   1
    77.9    296.9   1
    87.4    302.1   1
    85.3    301.2   1
    82.1    298.5   1
    81.7    294.5   1
    79.0    286.7   1
    82.7    282.4   1
    88.6    280.9   1
   100.1    286.9   1
    99.0    285.0   1
    98.4    279.0   1
   102.0    273.7   1
   106.0    273.3   1
   113.2    275.7   1
   116.5    279.4   1
    95.7    328.4   0
   107.7    327.4   1
   115.6    325.7   1
   122.4    323.1   1
   126.0    318.8   1
   117.1    331.6   0
   110.1    332.2   1
   107.0    331.5   1
   101.1    332.0   1
    94.6    327.5   1
   118.4    323.4   0
   115.6    314.6   1
   117.2    309.5   1
   124.8    304.8   1
   127.9    305.5   1
   123.9    305.9   0
   121.4    300.1   1
   117.8    293.4   1
   114.1    285.7   1
   116.3    276.4   1
   117.7    270.3   1
   125.7    269.6   1
   118.7    270.2   1
   118.7    270.2   0
   122.0    261.9   1
   136.6    256.6   1
   144.8    257.9   1
   154.3    263.1   1
   163.0    271.3   1
   125.5    267.6   0
   134.1    261.8   1
   136.7    257.6   1
   140.8    258.2   1
   139.9    294.4   0
   141.4    288.3   1
   146.7    279.8   1
   159.3    274.7   1
   164.2    273.3   1
   172.1    271.6   1
   180.0    270.9   1
   200.3    273.1   1
   215.6    286.8   1
   227.9    301.8   1
   233.3    317.4   1
   249.6    343.1   1
   249.7    344.1   0
   258.3    350.3   1
   270.7    355.3   1
   285.8    355.0   1
   291.0    357.5   1
   291.3    360.5   1
   284.6    364.1   1
   269.4    363.4   1
   258.1    360.4   1
   246.4    352.4   1
   236.2    339.2   1
   227.2    328.0   1
   227.4    330.0   0
   224.9    325.1   1
   217.0    314.8   1
   209.3    307.4   1
   200.0    304.2   1
   190.1    305.1   1
   179.2    307.1   1
   175.5    310.4   1
   170.7    312.8   1
   168.1    318.1   1
   176.4    332.4   0
   176.0    328.4   1
   174.6    323.5   1
   172.3    319.7   1
   175.8    325.4   0
   175.8    325.4   1
   174.7    324.5   0
   176.6    323.4   1
   178.3    320.2   1
   180.1    317.0   1
   178.8    314.1   1
   177.6    312.2   1
   177.5    311.2   1
   163.8    314.4   0
   158.8    314.9   1
   163.8    314.4   0
   163.8    314.4   0
   158.7    313.9   1
   154.5    312.2   1
   153.3    309.3   1
   151.3    309.5   1
   162.3    320.6   0
   163.3    320.5   1
   160.4    321.8   1
   161.7    324.7   1
   161.8    326.7   1
   162.8    326.6   1
   164.8    326.4   1
   164.4    321.4   1
   162.4    321.6   1
   161.4    321.7   1
   162.5    322.6   0
   162.6    323.6   0
   162.6    323.6   0
   162.5    322.6   0
   162.6    323.6   0
   149.8    315.7   0
   147.7    313.8   1
   145.7    314.0   1
   143.9    317.2   1
   144.2    320.2   1
   145.5    323.1   1
   147.4    322.9   1
   148.4    322.8   1
   149.2    319.7   1
   148.9    316.7   1
   148.8    315.8   1
   147.7    314.8   0
   166.1    398.6   0
   159.1    399.2   1
   151.9    396.8   1
   146.6    393.2   1
   141.4    391.7   1
   138.1    388.0   1
   144.2    423.6   0
   149.0    421.1   1
   149.0    421.1   1
   171.0    351.0   0
   171.8    348.9   0
   170.2    353.0   0
   173.8    348.7   1
   173.6    346.7   1
   174.7    347.6   0
   174.9    349.6   1
   195.5    355.8   0
   203.5    355.1   1
   215.8    347.0   1
   221.1    338.5   1
   220.7    334.6   1
   215.6    333.0   1
   209.4    331.5   1
   208.4    331.6   1
   207.4    330.7   1
   207.4    330.7   1
   213.9    325.1   1
   216.4    319.9   1
   216.2    316.9   1
   201.4    354.3   0
   190.9    349.2   1
   181.6    346.0   1
   176.2    341.5   1
   146.1    295.9   0
   142.1    296.3   1
   136.9    294.7   1
   132.7    292.1   1
   130.5    290.3   1
   139.8    292.5   0
   139.8    292.5   1
   140.1    284.4   1
   138.4    276.5   1
   140.0    272.4   1
   144.9    270.9   1
   147.9    270.7   1
   155.3    275.0   1
   159.7    313.8   0
   159.4    310.8   1
   165.0    305.3   1
   171.6    300.7   1
   178.4    298.1   1
   179.4    298.0   1
   168.8    303.0   0
   166.8    303.1   1
   161.6    300.6   1
   157.4    298.9   1
   117.7    270.3   0
   116.6    268.4   1
   116.0    262.4   1
   113.3    253.6   1
   108.9    237.9   1
   102.5    222.4   1
    99.4    209.7   1
    80.3    186.2   1
    74.8    181.7   1
    58.3    165.1   1
    47.4    155.0   1
    38.7    146.7   1
    31.2    130.3   1
    26.9    103.6   1
    31.5     88.1   1
    50.7     77.4   1
    69.1     70.8   1
    85.1     69.4   1
   101.4     72.0   1
   109.6     74.3   1
   114.6     73.8   1
   126.4     70.8   1
   124.5     71.9   0
   121.5     72.2   1
   119.7     74.4   1
   117.9     77.5   1
   118.2     80.5   1
   122.0     90.2   1
   125.2     92.0   1
   130.3     92.5   1
   134.1     90.2   1
   134.7     86.1   1
   134.2     80.1   1
   130.7     74.4   1
   128.5     72.6   1
   125.5     71.9   1
   122.5     72.1   1
   131.3     92.4   0
   131.4     93.4   1
   114.0    101.0   1
   106.0    101.7   1
   101.0    102.1   1
    91.2    105.0   1
    86.0    114.5   1
    76.5    120.3   1
    66.5    121.2   1
    56.6    122.1   1
    56.6    122.1   1
   120.0     89.4   0
   114.3     92.9   1
   111.3     93.2   1
   111.2     92.2   1
   115.9     88.8   1
   120.5     84.3   1
   161.9    270.4   0
   161.9    270.4   1
   163.1    261.3   1
   162.7    245.3   1
   161.5    231.3   1
   163.4    219.1   1
   166.7    210.8   1
   166.8    211.8   0
   169.9    201.5   1
   169.7    187.4   1
   167.7    175.6   1
   164.0    167.9   1
   169.2    181.5   0
   169.5    185.4   0
   170.0    190.4   1
   169.2    204.6   1
   166.0    213.9   1
   163.4    219.1   1
   161.5    231.3   1
   163.4    253.2   1
   161.7    268.4   1
   163.8    269.3   0
   169.0    259.8   1
   177.2    239.0   1
   178.1    225.9   1
   178.7    220.8   1
   182.7    209.4   1
   184.8    199.2   1
   193.6    173.3   1
   192.0    155.4   1
   190.0    144.5   1
   184.8    130.9   1
   175.0    110.7   1
   163.9     98.6   1
   157.3     91.2   1
   144.9     87.2   1
   136.6     84.9   1
   135.6     85.0   1
   181.1    123.2   0
   181.1    123.2   1
   190.1    122.4   1
   207.8    117.9   1
   216.2    111.1   1
   224.6    103.3   1
   227.2     99.1   1
   234.3     99.5   0
   239.3     99.0   1
   249.4    100.2   1
   254.4     99.7   1
   260.0     95.2   1
   261.6     90.1   1
   260.2     86.2   1
   255.6     79.5   1
   247.2     75.3   1
   240.2     75.9   1
   235.3     76.3   1
   235.6     80.3   1
   239.7     93.0   1
   246.2     98.4   1
   248.5    101.2   1
   248.3     76.2   0
   240.2     75.9   1
   236.3     76.2   1
   227.5     79.0   1
   218.7     81.8   1
   218.7     81.8   1
   209.0     85.6   1
   202.1     87.2   1
   196.5     91.7   1
   179.4     92.2   1
   170.5     93.0   1
   162.5     93.7   1
   156.3     91.2   1
   239.8     94.0   0
   238.8     94.1   1
   236.0     96.3   1
   234.0     96.5   1
   231.9     95.7   1
   230.8     93.8   1
   232.8     93.6   1
   236.6     91.2   1
   239.5     90.0   1
   236.8     82.2   0
   236.5     79.2   1
   241.2     74.8   1
   243.1     74.6   1
   246.2     75.3   1
   200.5    275.1   0
   210.7    266.2   1
   214.9    256.8   1
   220.6    253.2   1
   228.4    249.6   1
   235.0    245.0   1
   246.2    235.9   1
   251.5    227.5   1
   253.5    216.2   1
   252.7    206.3   1
   250.5    204.5   1
   252.6    205.3   0
   251.0    210.4   1
   244.3    214.0   1
   234.3    213.9   1
   228.0    211.4   1
   223.5    205.8   1
   223.0    199.8   1
   227.6    195.4   1
   234.6    194.8   1
   240.8    196.3   1
   245.9    197.8   1
   251.5    204.4   1
   222.2    201.9   0
   221.4    204.0   1
   220.1    213.1   1
   216.3    226.5   1
   200.1    236.0   1
   187.4    240.1   1
   183.4    240.5   1
   180.4    240.7   1
   199.0    235.1   0
   194.0    235.5   1
   190.0    235.9   1
   183.9    234.4   1
   178.7    232.8   1
   178.5    230.8   1
   166.1    191.8   0
   166.1    191.8   1
   166.1    191.8   1
   165.0    190.9   0
   160.7    187.2   1
   156.6    186.6   1
   151.6    187.0   1
   148.6    187.3   1
   145.6    187.5   1
   142.2    193.9   1
   142.5    197.9   1
   147.0    203.5   1
   149.5    208.3   1
   151.8    212.1   1
   158.4    218.5   1
   168.3    217.7   1
   172.8    211.3   1
   172.5    208.3   1
   171.8    199.3   1
   166.1    191.8   1
   161.7    188.1   1
   164.0    191.0   0
   164.0    191.0   1
   165.4    217.9   0
   154.8    223.9   1
   139.2    228.3   1
   130.2    229.0   1
   118.1    229.1   1
   116.1    228.3   1
   128.3    230.2   0
   127.1    239.4   1
   144.8    189.6   0
   133.5    197.6   1
   127.7    201.2   1
   121.8    201.7   1
   116.8    202.1   1
   113.5    199.4   1
   107.1    194.9   1
   101.0    193.5   1
    95.6    201.0   1
   152.9    236.1   0
   145.6    244.8   0
   145.6    244.8   1
   147.1    238.6   1
   148.5    231.5   1
   148.2    228.5   1
   163.5    231.1   0
   163.9    224.1   1
   165.6    220.9   1
   165.4    218.9   1
   166.2    192.8   0
   165.6    186.8   1
   166.8    177.7   1
   165.3    171.8   1
   164.5    162.8   1
   162.6    151.9   1
   155.8    143.5   1
   149.5    140.0   1
   140.1    135.8   1
   123.0    147.4   0
   124.2    149.3   1
   130.2    148.7   1
   131.8    144.6   1
   129.3    138.8   1
   125.3    139.1   1
   119.6    142.6   1
   122.0    147.4   1
   123.1    148.4   1
