   213.3    335.3   0
   183.6    342.1   1
   159.0    343.0   1
   134.3    334.5   1
   111.4    313.2   1
    99.5    289.5   1
    97.0    252.9   1
    96.1    223.2   1
    95.3    197.7   1
    86.8    162.1   1
    73.2    144.2   1
    54.5    132.3   1
    35.8    128.1   1
    35.8    120.4   1
    40.9    119.6   1
    43.4    110.3   1
    42.6    104.3   1
    46.8    100.1   1
    63.8    109.4   1
    77.4    114.5   1
    91.0    126.4   1
   102.9    136.6   1
   119.9    155.3   1
   127.5    164.6   1
   141.1    178.2   1
   154.7    196.0   1
   171.7    208.8   1
   187.0    216.4   1
   204.0    218.1   1
   122.4    187.5   0
   113.1    185.0   1
   103.8    185.0   1
    95.3    190.1   1
    94.4    191.8   1
   111.4    171.4   0
   103.8    170.6   1
    97.0    171.4   1
    90.2    176.5   1
   101.2    157.0   0
    91.9    157.0   1
    86.8    162.1   1
    89.3    144.2   0
    84.2    145.1   1
    81.7    146.8   1
    79.1    149.3   1
    77.4    134.0   0
    72.3    134.0   1
    69.8    137.4   1
    67.2    138.3   1
    64.7    122.1   0
    59.6    123.0   1
    54.5    126.4   1
    53.6    130.6   1
   157.3    222.4   0
   157.3    216.4   1
   156.4    212.2   1
   154.7    212.2   1
   142.8    208.8   1
   133.5    207.9   1
   125.0    210.5   1
   118.2    217.3   1
   117.3    222.4   1
   120.7    221.5   1
   123.3    218.1   1
   127.5    217.3   1
   133.5    217.3   1
   140.3    218.1   1
   150.5    221.5   1
   156.4    224.9   1
   157.3    224.9   1
    95.3    230.0   0
    87.6    231.7   1
    83.4    235.1   1
    80.8    237.7   1
    80.8    231.7   1
    85.1    226.6   1
    88.5    223.2   1
    94.4    219.8   1
    97.0    219.8   1
   205.7    309.0   0
   205.7    319.2   1
   208.2    330.2   1
   215.0    339.6   1
   226.1    345.5   1
   241.4    348.9   1
   251.6    348.9   1
   262.6    347.2   1
   275.3    333.6   1
   281.3    319.2   1
   285.5    299.6   1
   285.5    279.3   1
   283.0    258.0   1
   276.2    235.1   1
   268.5    218.1   1
   257.5    207.9   1
   250.7    206.2   1
   238.0    203.7   1
   222.7    201.1   1
   212.5    206.2   1
   205.7    218.1   1
   204.0    220.7   1
   125.0    326.0   0
   121.6    334.5   1
   116.5    341.3   1
   102.9    345.5   1
    97.0    347.2   1
    88.5    348.1   1
    74.9    343.0   1
    69.8    337.0   1
    66.4    324.3   1
    64.7    314.9   1
    61.3    298.8   1
    60.4    285.2   1
    61.3    272.5   1
    63.8    258.9   1
    66.4    252.1   1
    74.0    235.1   1
    79.1    229.2   1
    81.7    226.6   1
    87.6    223.2   1
   187.8    238.5   0
   186.1    232.5   1
   182.7    227.5   1
   179.3    225.8   1
   173.4    224.9   1
   164.9    224.9   1
   170.0    226.6   1
   175.1    227.5   1
   180.2    229.2   1
   183.6    231.7   1
   187.8    236.8   1
   127.5    207.1   0
   124.1    203.7   1
   114.8    199.4   1
   108.0    200.3   1
   102.1    203.7   1
    97.0    209.6   1
   150.5    286.1   0
   151.3    284.4   1
   150.5    281.8   1
   147.1    281.8   1
   146.2    285.2   1
   148.8    286.1   1
   124.1    286.1   0
   124.1    282.7   1
   122.4    281.8   1
   119.1    281.8   1
   119.9    283.5   1
   119.9    285.2   1
   121.6    285.2   1
   122.4    285.2   1
   125.0    283.5   1
   286.4    286.0   0
   305.1    285.2   1
   321.2    285.2   1
   346.7    285.2   1
   364.5    284.3   1
   388.3    282.6   1
   408.7    275.8   1
   437.6    249.5   1
   440.1    230.8   1
   440.1    211.3   1
   440.1    192.6   1
   440.1    184.1   1
   440.1    173.1   1
   435.8     98.3   1
   435.8     78.8   1
   434.1     63.5   1
   390.8     64.4   1
   380.6     64.4   1
   373.0     63.5   1
   374.7     89.8   1
   374.7    103.4   1
   373.0    110.2   1
   346.7    111.1   1
   322.9    111.1   1
   303.3    111.1   1
   281.3    111.1   1
   281.3     93.2   1
   281.3     79.7   1
   281.3     74.6   1
   280.4     67.8   1
   264.3     67.8   1
   241.3     67.8   1
   239.6     72.0   1
   239.6     95.8   1
   240.5    105.1   1
   242.2    111.1   1
   250.7    111.1   1
   229.5    111.9   1
   239.6    109.4   1
   237.9     67.8   1
   181.9     68.6   1
   177.6     73.7   1
   181.0     83.9   1
   183.6    117.9   1
   183.6    133.2   1
   184.4    166.3   1
   184.4    187.5   1
   184.4    209.6   1
   182.7    213.9   1
   438.4    247.8   0
   447.7    239.3   1
   452.8    225.7   1
   455.4    218.1   1
   457.1    208.7   1
   457.1    203.6   1
   451.1    222.3   1
   445.2    235.1   1
   440.1    239.3   1
   438.4    239.3   1
   340.7    110.2   0
   339.0     65.2   1
   372.1     62.7   1
   412.9     62.7   0
   412.9     66.9   1
   412.9     71.2   1
   409.5     72.9   1
   401.9     72.9   1
   401.9     66.1   1
   401.0     62.7   1
   400.2     71.2   1
   396.8     72.0   1
   392.5     71.2   1
   391.7     68.6   1
   391.7     66.9   1
   390.8     72.9   1
   388.3     72.9   1
   385.7     72.0   1
   383.2     65.2   1
   383.2     64.4   1
   359.4     63.5   0
   359.4     68.6   1
   357.7     71.2   1
   353.5     71.2   1
   353.5     66.9   1
   353.5     63.5   1
   353.5     72.0   1
   351.8     72.0   1
   345.0     72.0   1
   344.1     70.3   1
   344.1     65.2   1
   344.1     67.8   1
   342.4     73.7   1
   339.9     73.7   1
   339.0     71.2   1
   265.1     68.6   0
   266.0     76.3   1
   260.9     76.3   1
   258.3     72.0   1
   258.3     67.8   1
   257.5     72.9   1
   257.5     77.1   1
   249.8     77.1   1
   249.0     77.1   1
   247.3     73.7   1
   247.3     71.2   1
   247.3     68.6   1
   247.3     75.4   1
   243.9     78.0   1
   240.5     78.0   1
   219.3     67.8   0
   220.1     78.8   1
   209.9     78.8   1
   210.8     78.0   1
   211.6     71.2   1
   210.8     68.6   1
   216.7     78.8   1
   204.8     78.8   1
   200.6     78.8   1
   196.3     72.9   1
   197.2     68.6   1
   198.9     72.9   1
   196.3     79.7   1
   191.2     78.8   1
   190.4     78.0   1
   190.4     69.5   1
   -50.8    303.1   0
