   166.8    344.7   0
   176.4    335.1   1
   183.6    314.7   1
   183.6    296.7   1
   175.2    284.7   1
   168.0    282.3   1
   154.8    288.3   1
   145.2    303.9   1
   141.6    338.7   1
   148.8    348.3   1
   158.4    349.5   1
   168.0    344.7   1
   168.0    344.7   0
   181.2    354.3   1
   198.0    344.7   1
   205.2    330.3   1
   207.6    312.3   1
   206.4    296.7   1
   199.2    289.5   1
   177.6    287.1   1
   187.2    288.3   0
   193.2    282.3   1
   187.2    273.9   1
   176.4    275.1   1
   176.4    284.7   1
   144.0    318.3   0
   136.8    318.3   1
   127.2    312.3   1
   126.0    301.5   1
   132.0    295.5   1
   138.0    297.9   1
   138.0    302.7   0
   136.8    297.9   1
   139.2    278.7   1
   145.2    271.5   1
   154.8    264.3   1
   172.8    266.7   1
   181.2    273.9   1
   206.4    324.3   0
   217.2    326.7   1
   225.6    320.6   1
   226.8    307.4   1
   218.4    307.4   1
   218.4    313.4   0
   219.6    297.8   1
   213.6    278.7   1
   204.0    269.1   1
   189.6    267.9   1
   182.4    272.7   1
   170.4    302.7   0
   171.6    299.1   1
   169.2    296.7   1
   165.6    297.9   1
   165.6    302.7   1
   169.2    303.9   1
   188.4    306.3   0
   192.0    305.1   1
   189.6    300.3   1
   186.0    302.7   1
   188.4    306.3   1
   166.8    347.1   0
   174.0    366.3   1
   189.7    377.1   1
   205.3    374.7   1
   206.4    365.1   1
   202.8    353.1   1
   195.6    348.3   1
   168.0    350.7   0
   168.1    372.3   1
   157.3    380.7   1
   146.5    379.5   1
   135.6    366.3   1
   134.4    349.5   1
   204.1    375.9   0
   188.5    381.9   1
   171.7    373.5   1
   169.2    369.9   1
   205.2    357.9   0
   218.4    344.6   1
   223.2    325.4   1
   224.4    308.6   0
   226.8    307.4   1
   228.0    309.8   0
   219.6    342.2   0
   228.0    320.6   1
   232.8    311.0   1
   232.8    311.0   1
   231.6    312.2   0
   236.4    289.4   1
   224.4    258.2   1
   192.0    246.3   1
   183.6    246.3   1
   154.9    381.9   0
   141.7    379.5   1
   127.2    367.5   1
   122.4    355.5   1
   123.6    345.9   1
   116.4    339.9   1
   106.8    329.1   1
   102.0    318.3   1
    98.4    300.3   1
    98.4    279.9   1
   105.6    264.3   1
   123.6    249.9   1
   148.8    245.1   1
   158.4    245.1   1
   199.2    248.7   0
   216.0    213.9   1
   224.4    189.8   1
   219.6    158.6   1
   190.8    140.7   1
   138.0    139.5   1
   112.8    255.9   0
    85.2    235.5   1
    75.6    216.3   1
    80.4    199.5   1
    97.2    195.9   1
   114.0    221.1   0
   100.8    206.7   1
    93.6    194.7   1
    87.6    171.9   1
    87.6    150.3   1
   103.2    141.9   1
   136.8    140.7   1
   122.4    221.1   0
   105.6    221.1   1
   190.8    140.7   0
   190.8    101.1   1
   201.6    107.1   1
   224.4    109.4   1
   252.0    105.8   1
   260.4     95.0   1
   250.8     97.4   0
   259.2     97.4   1
   267.6     89.0   1
   267.6     89.0   1
   265.2     91.4   0
   266.4     80.6   1
   261.6     73.4   1
   249.6     72.2   1
   242.4     89.0   0
   248.4     85.4   1
   249.6     77.0   1
   248.4     73.4   1
   246.0     67.4   1
   237.6     65.0   1
   225.6     68.6   1
   171.6    141.9   0
   170.4    110.7   1
   166.8     98.7   1
   166.8     98.7   1
   164.4     93.9   1
   174.0     96.3   1
   193.2     99.9   1
   212.4     86.7   1
   222.0     73.4   1
   218.4     66.3   1
   207.6     74.7   0
   217.2     68.7   1
   218.4     61.5   1
   211.2     54.3   1
   204.0     51.9   1
   195.6     54.3   1
   188.4     74.7   0
   196.8     68.7   1
   196.8     57.9   1
   192.0     51.9   1
   178.8     49.5   1
   168.0     57.9   1
   163.2     55.5   1
   150.0     49.5   1
   138.0     53.1   1
   136.8     56.7   1
   130.8     56.7   1
   111.6     56.7   1
   168.0     95.1   0
   153.6     90.3   1
   140.4     86.7   1
   150.0     91.5   0
   147.6     95.1   1
   133.2     90.3   1
   140.4     93.9   1
   136.8    107.1   1
   139.2    140.7   1
   118.8    141.9   0
   121.2    109.5   1
   114.0     92.7   1
   100.8     85.5   1
    90.0     77.1   1
    91.2     65.1   1
   103.2     57.9   1
   109.2     57.9   1
    97.2    144.3   0
    97.2    109.5   1
    96.0     99.9   1
    96.0    108.3   0
    91.2    107.1   1
    87.6     99.9   1
    86.4     95.1   1
    88.8    102.3   0
    79.2    109.5   1
    64.8    114.3   1
    46.8    110.7   1
    33.6     99.9   1
    27.6     87.9   1
    27.6     66.3   1
    46.8     53.1   1
    85.2     63.9   1
    90.0     66.3   1
   228.0     68.6   0
   219.6     71.1   1
   207.6    234.3   0
   236.4    231.8   1
   253.2    236.6   1
   244.8    246.2   1
   249.6    258.2   1
   256.8    260.6   1
   267.6    257.0   1
   277.2    251.0   1
   276.0    241.4   1
   272.4    233.0   1
   260.4    234.2   1
   271.2    230.6   0
   271.2    176.6   1
   271.2    205.4   0
   267.6    204.2   1
   260.4    203.0   1
   252.0    212.6   1
   254.4    217.4   1
   254.4    210.2   0
   244.8    209.0   1
   232.8    207.8   1
   219.6    207.8   1
   272.4    254.6   0
   273.6    279.8   1
   337.2    279.8   1
   336.0    185.0   1
   272.4    181.4   1
   304.8    251.0   0
   314.4    258.2   1
   325.2    251.0   1
   321.6    234.2   1
   304.8    219.8   1
   304.8    251.0   0
   296.4    259.4   1
   285.6    257.0   1
   283.2    248.6   1
   284.4    237.8   1
   289.2    225.8   1
   301.2    217.4   1
   309.6    224.6   1
   309.6    224.6   1
   332.4    207.8   0
   332.4    193.4   1
   331.2    206.6   0
   320.4    206.6   1
   331.2    199.4   1
   325.2    194.6   1
   318.0    201.8   0
   322.8    198.2   1
   320.4    193.4   1
   313.2    197.0   1
   316.8    201.8   1
   308.4    199.4   0
   304.8    203.0   1
   300.0    203.0   1
   308.4    198.2   0
   307.2    192.2   1
   301.2    193.4   1
   301.2    195.8   1
   303.6    197.0   1
   297.6    204.2   0
   297.6    193.4   1
   297.6    204.2   0
   292.8    204.2   1
   296.4    199.4   0
   292.8    199.4   1
   296.4    195.8   0
   291.6    195.8   1
   285.6    205.4   0
   285.6    191.0   1
   284.4    205.4   0
   276.0    204.2   1
   285.6    199.4   1
   278.4    194.6   1
   193.2    245.1   0
   199.2    233.1   1
   195.6    224.7   1
   184.8    221.1   1
   177.6    227.1   1
   175.2    230.7   1
   168.0    230.7   1
   163.2    225.9   1
   154.8    222.3   1
   140.4    225.9   1
   138.0    240.3   1
   147.6    247.5   1
   156.0    247.5   1
   165.6    240.3   1
   174.0    242.7   1
   189.6    247.5   1
   175.2    243.9   0
   176.4    234.3   1
   176.4    231.9   1
   169.2    241.5   0
   168.0    231.9   1
   154.8    241.5   0
   152.4    236.7   1
   148.8    240.3   1
   156.0    243.9   1
   153.6    234.3   0
   147.6    225.9   1
   147.6    233.1   1
   152.4    233.1   1
   192.0    242.7   0
   189.6    239.1   1
   193.2    237.9   1
   194.4    243.9   1
   190.8    235.5   0
   189.6    230.7   1
   184.8    234.3   1
   187.2    236.7   1
   192.0    235.5   1
   168.1    372.3   0
   158.4    367.5   1
   156.0    361.5   1
   159.7    377.1   0
   156.1    372.3   1
   151.2    368.7   1
   151.3    380.7   0
   146.4    369.9   1
   146.4    363.9   1
   195.7    377.1   0
   188.4    369.9   1
   188.4    365.1   1
   202.9    374.7   0
   196.8    369.9   1
   195.6    362.7   1
   204.0    366.3   0
   200.4    362.7   1
   200.4    362.7   1
    44.4    107.1   0
    60.0     97.5   1
    32.4     93.9   1
    28.8     80.7   0
    52.8     80.7   1
    31.2     67.5   1
