   115.1    215.7   0
   118.2    203.9   1
   119.4    190.0   1
   120.5    177.0   1
   109.4    155.0   1
    91.3    143.4   1
    76.9    136.1   1
    57.9    135.4   1
    48.0    144.6   1
    46.7    159.6   1
    54.7    172.3   1
    63.8    183.1   1
    68.5    197.6   1
    68.3    211.6   1
    78.6    220.6   1
    86.3    223.2   1
    99.3    224.4   1
   110.6    221.4   1
   113.9    217.6   1
   111.8    219.4   0
   114.3    224.7   1
   115.0    228.8   1
   111.5    234.5   1
   106.4    235.0   1
   101.8    230.6   1
    99.6    221.4   1
    90.5    221.6   0
    90.0    227.6   1
    89.5    233.6   1
    86.4    234.3   1
    82.4    233.9   1
    81.7    230.9   1
    80.2    224.7   1
    80.5    220.7   1
    95.2    201.9   0
    95.5    199.0   1
    91.6    197.6   1
    91.4    199.6   1
    92.3    200.7   1
    95.3    200.9   1
    80.3    200.6   0
    80.7    195.7   1
    77.7    195.4   1
    76.5    198.3   1
    78.4    199.5   1
    79.5    198.6   1
    88.3    178.2   0
    85.1    168.9   1
    79.5    163.4   1
    70.8    159.7   1
    67.8    159.4   1
    64.6    162.1   1
    67.9    170.4   1
    75.2    178.1   1
    78.0    181.4   1
    66.3    165.3   0
    77.7    161.3   1
    88.5    152.2   0
    78.8    149.3   1
    71.8    148.7   1
    62.6    150.9   1
    36.4    162.7   0
    26.8    157.8   1
    27.6    148.9   1
    31.2    142.1   1
    37.2    142.7   1
    38.8    135.8   1
    38.5    127.7   1
    38.9    122.7   1
    50.1    121.7   1
    62.6    127.8   1
    65.1    122.0   1
    68.7    115.3   1
    80.7    115.3   1
    89.7    116.1   1
    93.0    124.4   1
    92.5    129.4   1
   104.2    122.4   1
   119.0    125.7   1
   132.0    137.9   1
   130.3    144.8   1
   126.7    151.5   1
   146.7    153.2   1
   152.9    162.8   1
   135.7    175.4   1
   135.7    175.4   1
   151.9    173.8   1
   167.2    182.1   1
   169.4    192.4   1
   158.5    201.4   1
   147.0    206.5   1
   157.7    211.4   1
   168.9    220.4   1
   168.5    236.5   1
   160.6    246.8   1
   142.4    248.2   1
   132.9    241.4   1
   134.9    253.6   1
   131.7    267.4   1
   122.4    270.6   1
   110.9    263.5   1
   101.0    250.6   1
    99.2    271.5   1
    79.5    266.8   1
    78.9    250.7   1
    61.5    266.2   1
    51.3    256.3   1
    57.9    238.8   1
    36.4    243.0   1
    32.4    231.6   1
    44.1    224.6   1
    28.1    223.2   1
    22.8    215.7   1
    30.0    201.3   1
    16.3    198.1   1
    14.1    188.8   1
    31.6    183.3   1
    19.0    178.2   1
    15.8    168.9   1
    25.2    164.7   1
    35.3    164.6   1
   167.1    184.1   0
   207.8    177.6   1
   231.0    175.7   1
   242.6    169.6   1
   249.2    163.2   1
   251.2    140.3   1
   251.2    129.2   1
   241.1    106.3   1
   253.0     81.0   1
   240.6     55.0   1
   223.8     51.6   1
   212.5     54.6   1
   204.8     62.0   1
   214.7     75.9   1
   214.7     75.9   1
   209.2     81.4   1
   191.0     93.9   1
   187.9    106.6   1
   187.9    129.7   1
   193.8    142.3   1
   198.3    148.7   1
   188.4    112.7   0
   136.8    105.2   1
   135.6     61.9   1
   130.9     57.5   1
   108.0     55.5   1
    95.2     53.4   1
    94.1     65.3   1
   103.5     73.2   1
   107.4     74.5   1
   106.6     83.5   1
   105.2     99.4   1
   104.4    108.4   1
   103.5    119.3   1
    91.6    117.3   0
    93.2     76.3   1
    92.0     67.1   1
    87.5     60.7   1
    85.9     56.6   1
    74.1     53.5   1
    63.1     52.6   1
    55.7     56.9   1
    59.1     64.3   1
    62.7     68.6   1
    67.3     74.0   1
    68.1     87.1   1
    67.6    105.2   1
    66.9    112.1   1
   241.4    171.6   0
   250.2    186.4   1
   248.4    207.3   1
   246.3    219.2   1
   228.5    239.7   1
   221.7    259.2   1
   232.3    264.1   1
   236.6    250.4   1
   249.4    241.5   1
   256.1    233.1   1
   258.4    219.2   1
   259.2    209.2   1
   260.3    197.3   1
   260.8    180.3   1
   256.6    169.9   1
   249.0    163.0   1
   222.9    257.3   0
   219.4    274.0   1
   222.0    283.0   1
   224.0    290.5   1
   233.3    299.3   1
   240.5    309.0   1
   241.3    300.0   1
   240.0    292.0   1
   236.6    284.6   1
   231.0    279.1   1
   231.6    272.1   1
   232.2    266.1   1
   232.3    264.1   1
   235.6     66.6   0
   228.1     60.0   1
   226.8     51.8   1
   224.4     67.7   0
   215.8     62.9   1
   215.8     50.9   1
   126.8     70.2   0
   121.1     66.7   1
   119.1     55.5   1
   112.0     67.9   0
   104.5     61.2   1
   105.2     53.2   1
    80.9     67.2   0
    73.4     61.5   1
    74.2     52.5   1
    70.9     67.3   0
    62.4     60.5   1
    63.2     51.6   1
   166.0    109.0   0
   167.0     87.0   1
   174.0     77.0   1
   174.0     67.0   1
   167.0     58.0   1
   170.0     53.0   1
   180.0     50.0   1
   195.0     50.0   1
   198.0     64.0   1
   198.0     90.0   1
   185.0     68.0   0
   181.0     66.0   1
   176.0     60.0   1
   174.0     54.0   1
   193.0     66.0   0
   186.0     61.0   1
   185.0     53.0   1
