   193.8    237.8   0
   193.5    243.1   1
   190.7    245.6   1
   185.8    249.0   1
   179.8    249.6   1
   175.2    249.9   1
   172.2    248.7   1
   166.7    246.9   1
   162.5    242.8   1
   159.1    237.8   1
   156.3    232.0   1
   154.6    229.1   1
   152.0    226.4   1
   148.9    224.3   1
   142.7    222.6   1
   135.7    221.0   1
   132.5    218.3   1
   126.2    215.0   1
   121.4    211.7   1
   116.5    208.3   1
   113.4    207.1   1
   112.4    204.2   1
   108.8    196.9   1
   103.5    188.4   1
    95.9    179.9   1
    91.6    164.5   1
    84.6    144.8   1
   102.0    154.5   1
   100.5    158.8   1
    97.7    154.3   1
    96.1    159.1   1
    92.0    156.5   1
    90.5    156.2   1
    89.7    159.4   1
    92.4    147.8   0
    85.9    143.1   1
    79.7    140.6   1
    71.9    137.5   1
    66.2    135.5   1
    65.9    133.3   1
    72.5    134.2   1
    76.9    135.2   1
    83.2    136.1   1
    86.4    136.1   1
    88.3    136.1   1
    92.4    137.0   1
    95.5    138.0   1
    98.6    138.9   1
   102.7    140.2   1
   106.8    140.8   1
   110.3    142.4   1
    81.7    134.8   0
    75.3    133.5   1
    73.0    132.9   1
    71.5    133.1   1
    67.5    132.0   1
    64.5    131.4   1
    61.2    130.1   1
    57.8    129.2   1
    53.7    127.6   1
    49.7    125.2   1
    43.0    121.6   1
    42.7    119.4   1
    60.6    121.9   1
    68.1    123.2   1
    74.4    124.8   1
    84.2    126.7   1
    88.0    128.2   1
    93.0    129.5   1
    97.1    130.4   1
   102.7    132.0   1
   108.7    134.8   1
    68.1    120.7   0
    60.9    120.7   1
    54.0    120.4   1
    47.1    119.1   1
    44.2    118.5   1
    40.7    117.6   1
    27.7    115.8   1
    25.4    115.2   1
    23.9    114.6   1
    23.9    114.6   1
    26.0    113.7   1
    34.9    112.2   1
    41.7    111.6   1
    50.9    112.9   1
    63.4    114.1   1
    70.3    115.0   1
    79.8    117.5   1
    86.8    118.9   1
    91.7    120.4   1
    96.1    122.3   1
   102.1    124.1   1
   107.5    125.7   1
    43.3    112.2   0
    46.0    108.9   1
    54.9    107.3   1
    60.8    106.1   1
    72.0    104.4   1
    79.0    106.8   1
    83.7    108.6   1
    86.8    109.1   1
    92.7    108.5   1
    95.0    109.1   1
   101.1    109.3   1
   102.6    109.2   1
   108.1    111.8   1
   123.4    114.1   1
   128.1    116.0   1
   135.0    117.7   1
   142.1    120.8   1
   146.9    124.9   1
   149.5    127.7   1
   151.9    129.8   1
   154.8    136.4   1
   154.8    137.1   1
   150.9    139.6   1
   147.4    136.7   1
   146.1    141.4   1
   142.1    138.6   1
   140.5    142.4   1
   136.4    139.9   1
   135.1    144.3   1
   131.0    140.8   1
   131.0    146.2   1
   126.3    143.0   1
   126.6    146.8   1
   122.6    145.2   1
   123.8    149.3   1
   118.2    147.7   1
   120.4    151.8   1
   114.7    148.7   1
   116.3    154.0   1
   110.6    150.9   1
   111.2    154.7   1
   105.9    153.4   1
   105.9    156.9   1
   102.1    154.0   1
   193.8    238.5   0
   193.7    236.3   1
   194.3    234.7   1
   197.3    234.5   1
   199.6    234.2   1
   202.6    234.0   1
   202.4    233.2   1
   203.9    232.3   1
   205.3    231.5   1
   205.7    229.9   1
   206.6    228.4   1
   207.2    227.5   1
   207.2    226.8   1
   207.2    226.8   1
   207.1    226.0   1
   206.3    225.4   1
   206.2    224.6   1
   204.6    223.3   1
   204.6    223.3   1
   203.1    223.4   1
   201.6    223.5   1
   202.5    224.9   1
   203.3    225.6   1
   203.4    226.4   1
   202.6    226.4   1
   201.9    226.5   1
   200.4    226.6   1
   198.1    226.9   1
   197.7    227.3   1
   196.0    227.8   1
   193.7    228.0   1
   193.0    228.8   1
   193.0    228.8   1
   191.5    228.9   1
   191.5    228.9   1
   193.4    224.9   1
   194.9    224.8   1
   196.4    224.7   1
   198.4    224.8   1
   201.0    225.1   1
   202.1    224.8   1
   192.5    223.5   0
   191.7    222.9   1
   191.7    222.1   1
   190.1    221.5   1
   190.0    220.8   1
   189.1    218.6   1
   188.2    217.1   1
   189.4    213.3   1
   189.3    211.7   1
   190.2    212.2   1
   190.5    210.3   1
   190.5    209.4   1
   190.8    207.2   1
   191.7    205.5   1
   191.4    202.5   1
   192.0    200.2   1
   192.1    198.4   1
   192.1    194.9   1
   192.1    193.4   1
   192.1    192.1   1
   192.1    189.9   1
   191.4    187.7   1
   191.8    186.7   1
   191.5    185.9   1
   190.4    182.2   1
   189.2    179.5   1
   188.4    176.4   1
   187.0    174.5   1
   186.7    173.5   1
   185.2    172.0   1
   183.6    170.1   1
   182.3    168.8   1
   181.1    167.2   1
   180.1    166.3   1
   178.2    162.9   1
   177.4    162.3   1
   175.7    159.1   1
   173.5    156.2   1
   171.3    152.8   1
   170.1    150.6   1
   167.9    147.7   1
   165.3    143.7   1
   162.2    140.8   1
   160.3    139.2   1
   158.1    137.7   1
   155.6    137.0   1
   155.9    135.8   1
   182.9    198.7   0
   180.6    199.7   1
   176.0    198.6   1
   174.6    198.7   1
   171.0    201.3   1
   168.7    201.5   1
   165.7    201.0   1
   164.2    201.1   1
   156.2    203.3   1
   149.2    203.3   1
   144.3    204.4   1
   136.6    204.4   1
   131.3    204.8   1
   129.8    204.9   1
   127.6    205.1   1
   124.6    205.4   1
   122.4    205.5   1
   120.1    206.5   1
   118.7    206.6   1
   116.5    206.8   1
   113.6    209.3   1
   176.1    207.7   0
   179.9    208.0   1
   181.4    207.9   1
   185.8    207.5   1
   186.8    201.4   1
   187.2    196.8   1
   185.5    192.1   1
   183.0    187.7   1
   181.7    185.8   1
   180.8    183.9   1
   179.9    182.4   1
   176.3    179.9   1
   172.0    176.1   1
   168.5    172.1   1
   167.1    169.6   1
   165.5    166.3   1
   164.4    161.5   1
   162.2    156.0   1
   159.5    153.3   1
   156.2    148.9   1
   154.6    147.9   1
   155.3    145.9   1
   154.3    143.3   1
   153.4    140.2   1
   152.1    135.5   1
   152.1    132.0   1
   151.8    131.7   1
   150.2    128.9   1
   159.0    138.0   0
   158.4    130.4   1
   158.7    127.0   1
   159.0    124.5   1
   160.3    123.2   1
   161.6    121.3   1
   162.5    118.8   1
   166.0    118.5   1
   169.4    118.2   1
   174.5    117.2   1
   178.9    116.3   1
   181.4    114.1   1
   180.5    112.2   1
   177.9    113.5   1
   176.0    114.4   1
   173.5    114.7   1
   171.6    115.0   1
   170.1    115.3   1
   167.9    115.3   1
   165.3    115.7   1
   159.7    115.3   1
   164.4    114.7   1
   168.5    113.5   1
   171.3    111.6   1
   171.9    108.1   1
   172.9    105.9   1
   171.6    104.3   1
   169.7    107.5   1
   166.3    110.3   1
   164.1    111.6   1
   162.5    111.9   1
   162.8    110.3   1
   164.4    108.4   1
   165.3    106.5   1
   167.5    103.4   1
   167.5    100.6   1
   166.6     98.0   1
   164.7    101.8   1
   163.8    105.3   1
   160.9    108.7   1
   160.0    110.3   1
   159.0    111.9   1
   156.5    112.8   1
   154.3    113.5   1
   153.1    113.5   0
   151.2    112.5   1
   149.9    111.6   1
   149.0    110.6   1
   148.0    109.0   1
   147.1    107.5   1
   143.6    105.9   1
   141.7    105.0   1
   139.5    106.2   1
   141.4    109.0   1
   143.9    111.3   1
   145.8    112.5   1
   149.9    114.9   1
   148.7    114.4   1
   150.0    116.4   1
   150.6    116.3   1
   150.9    116.6   1
   151.8    117.9   1
   153.7    117.9   1
   154.0    119.8   1
   153.6    122.9   1
   153.0    124.4   1
   152.5    127.5   1
   152.6    129.0   1
   152.6    129.7   1
   152.6    129.7   1
   152.1    132.0   1
   152.1    132.0   1
   179.7    240.5   0
   184.1    239.3   1
   184.8    238.5   1
   184.0    237.9   1
   181.0    238.1   1
   179.5    238.3   1
   177.3    238.5   1
   175.8    239.3   1
   176.7    240.8   1
   178.3    241.4   1
   178.3    241.4   1
   179.8    241.3   1
   180.5    241.2   1
   181.3    241.1   1
   182.0    241.0   1
   129.6    115.9   0
   128.8    116.0   1
   127.6    113.8   1
   125.4    111.0   1
   122.9    109.4   1
   119.8    106.6   1
   116.3    102.1   1
   113.7     97.1   1
   111.1     92.4   1
   109.7     85.5   1
   109.0     81.1   1
   108.1     77.3   1
   106.2     75.7   1
   104.3     76.6   1
   103.5     76.7   1
   102.7     80.4   1
   103.3     82.8   1
   102.4     86.1   1
   103.3     91.8   1
   103.5     94.0   1
   104.5     97.0   1
   105.6     99.9   1
   106.2    102.4   1
   106.5    104.3   1
   106.5    105.6   1
   107.5    107.5   1
   108.1    107.8   1
   108.4    109.4   1
   109.7    111.9   1
   102.6     91.9   0
   102.1     82.6   1
    99.9     78.5   1
    98.8     74.1   1
    98.5     71.1   1
    97.0     71.2   1
    93.2     71.6   1
    92.7     73.9   1
    92.6     81.4   1
    92.8     83.7   1
    94.0     88.8   1
    94.8     93.5   1
    96.3     97.7   1
    97.0    102.2   1
    98.6    108.1   1
    92.5     71.6   0
    90.8     68.5   1
    88.9     64.4   1
    86.1     61.5   1
    84.8     60.3   1
    81.7     61.5   1
    79.9     65.2   1
    81.2     75.0   1
    81.8     77.8   1
    82.3     83.8   1
    83.9     90.2   1
    85.6     99.5   1
    86.1    102.2   1
    87.2    107.1   1
    79.1     65.2   0
    75.7     55.3   1
    70.3     52.4   1
    66.9     57.8   1
    65.5     63.6   1
    64.9     68.5   1
    64.9     75.0   1
    66.0     79.2   1
    66.6     86.0   1
    67.7     90.4   1
    69.7     96.3   1
    70.5     96.2   1
    73.5    104.2   1
    72.5    102.0   1
    67.1     57.2   0
    66.7     52.8   1
    62.9     52.4   1
    59.9     52.6   1
    56.5     57.4   1
    55.7     61.4   1
    54.0     68.0   1
    53.5     80.5   1
    56.2     91.9   1
    57.3     99.5   1
    58.4    106.0   1
    64.9    104.9   0
    63.8     99.0   1
    62.2     84.3   1
    60.6     70.1   1
    60.6     58.7   1
    82.3    109.4   0
    78.8    100.9   1
    76.9     93.9   1
    74.9     85.2   1
    73.1     74.1   1
    71.7     65.9   1
    71.3     62.2   1
    71.0     55.6   1
