    91.9    261.8   0
   107.4    263.5   1
   114.3    260.1   1
   119.5    254.9   1
   112.6    244.5   1
    98.8    235.9   1
    83.2    230.7   1
    84.9    249.7   1
    93.6    261.8   1
   117.8    251.4   0
   138.5    237.6   1
   174.8    213.4   1
   200.7    190.9   1
   200.7    171.9   1
   173.1    197.8   1
   145.4    215.1   1
   123.0    227.2   1
   102.2    239.3   1
   200.7    190.9   0
   226.6    194.4   1
   271.6    190.9   1
   311.3    178.8   1
   351.1    159.8   1
   377.0    144.3   1
   396.0    125.2   1
   402.9    116.6   1
   404.6    109.7   1
   401.2    106.2   1
   383.9    101.1   1
   354.5    102.8   1
   306.1    118.3   1
   243.9    146.0   1
   200.7    173.6   1
   202.4    149.5   1
   142.0    173.7   1
   135.1    177.1   1
   131.6    175.4   1
   129.9    170.2   1
   135.0    116.6   1
   116.0    111.4   1
    95.3    113.2   1
   112.6    108.0   1
   138.5    111.4   1
   145.4    116.6   1
   135.1    171.9   1
   136.8    171.9   1
   200.7    144.3   1
   207.6    144.3   1
   207.6    170.2   1
   211.1    168.5   0
   216.3    140.8   1
   214.5    135.6   1
   200.7    139.1   1
   164.4    149.5   1
   159.2    146.0   1
   159.2    142.5   1
   171.3     85.5   1
   167.9     83.8   1
   155.8     82.1   1
   143.7     82.1   1
   161.0     76.9   1
   183.4     83.8   1
   183.4     90.7   1
   167.9    142.5   1
   218.0    127.0   1
   224.9    127.0   1
   218.0    165.0   1
   223.2    140.8   0
   235.3    127.0   1
   250.8    120.1   1
   275.0    109.7   1
   306.1    102.8   1
   337.2    101.1   1
   361.4     99.3   1
   373.5    101.1   1
   259.5    139.1   0
   268.1    127.0   1
   364.9    140.8   1
   370.1    137.3   1
   371.8    128.7   1
   382.1     94.1   1
   390.8     68.2   1
   413.2     56.1   1
   432.3     56.1   1
   409.8     52.7   1
   387.3     63.0   1
   364.9    133.9   1
   356.2    133.9   1
   268.1    121.8   1
   261.2    125.3   1
   254.3    140.8   1
   316.5    178.8   0
   345.9    187.5   1
   354.5    184.0   1
   361.4    166.7   1
   364.9    154.6   1
   326.9    173.6   0
   345.9    178.8   1
   349.3    177.1   1
   358.0    161.5   1
   394.2    102.8   0
   404.6     87.2   1
   420.2     83.8   1
   437.4     83.8   1
   411.5     80.3   1
   397.7     85.5   1
   387.3    102.8   1
   128.1    223.8   0
   131.6    201.3   1
   129.9    192.7   1
   123.0    189.2   1
    95.3    197.8   1
    65.9    206.5   1
    55.6    203.0   1
    53.8    194.4   1
    52.1    190.9   1
    53.8    178.8   1
    57.3    173.7   1
    62.5    166.7   1
    43.5    184.0   1
    46.9    204.8   1
    57.3    216.9   1
    74.6    213.4   1
   114.3    201.3   1
   119.5    203.0   1
   123.0    213.4   1
   121.2    230.7   1
   114.3    230.7   0
   110.9    215.1   1
   107.4    209.9   1
   102.2    211.7   1
   100.5    208.2   1
    60.8    235.9   1
    43.5    242.8   1
    36.6    241.1   1
    34.8    223.8   1
    38.3    204.8   1
    41.7    201.3   1
    53.8    194.4   0
    64.2    184.0   1
    69.4    178.8   1
    57.3    201.3   1
    50.4    208.2   0
    45.2    222.0   1
    45.2    230.7   1
    52.1    230.7   1
    83.2    211.7   1
   109.1    203.0   0
   119.5    215.1   1
   123.0    220.3   1
    95.3    242.8   0
   107.4    251.4   1
   110.9    256.6   1
   100.5    258.3   1
    93.6    253.1   1
    91.9    242.8   1
    97.0    244.5   1
    86.7    253.1   0
    83.2    280.8   1
    91.9    299.8   1
   102.2    329.2   1
    98.8    355.1   1
    90.1    377.6   1
    86.7    253.1   0
    69.4    275.6   1
    67.7    305.0   1
    81.5    343.0   1
    79.8    358.6   1
   319.9    114.9   0
   314.8    106.2   1
   304.4    120.1   0
   297.5    109.7   1
   290.6    125.3   0
   283.7    114.9   1
   262.9    125.3   0
   259.5    120.1   1
   250.8    140.8   0
   247.4    127.0   1
   240.5    147.7   0
   237.0    135.6   1
   230.1    156.4   0
   228.4    144.3   1
    97.0    196.1   0
    90.1    190.9   1
    91.9    197.8   1
    86.7    201.3   0
    81.5    196.1   1
    79.8    203.0   1
    76.3    204.8   0
    74.6    197.9   1
    71.1    203.0   1
    53.8    185.8   0
    59.0    182.3   1
    57.3    182.3   1
    60.8    225.5   0
    57.3    220.3   1
    55.6    227.2   1
    46.9    225.5   0
    52.1    220.3   1
    46.9    218.6   0
   223.2    173.6   0
   249.1    156.4   1
   281.9    140.8   1
   299.2    133.9   1
   313.0    128.7   0
   335.5    120.1   1
   366.6    116.6   1
   247.4    168.5   0
   269.8    154.6   1
   290.6    146.0   1
   309.6    137.3   1
   333.8    130.4   0
   351.0    125.2   1
   364.9    125.2   1
   200.7    173.6   0
   183.4    180.6   1
   159.2    201.3   1
   129.9    222.0   1
