   431.0    378.0   0
   422.0    376.0   1
   415.0    372.0   1
   410.0    363.0   1
   410.0    355.0   1
   410.0    344.0   1
   417.0    342.0   1
   431.0    337.0   1
   457.0    337.0   1
   475.0    337.0   1
   489.0    344.0   1
   495.0    352.0   1
   495.0    364.0   1
   492.0    374.0   1
   484.0    381.0   1
   478.0    383.0   1
   472.0    383.0   1
   465.0    383.0   1
   460.0    383.0   1
   450.0    383.0   1
   440.0    383.0   1
   431.0    380.0   1
   430.0    376.0   1
   437.0    381.0   0
   435.0    399.0   1
   435.0    407.0   1
   437.0    430.0   1
   441.0    437.0   1
   459.0    438.0   1
   468.0    438.0   1
   479.0    434.0   1
   481.0    417.0   1
   481.0    395.0   1
   481.0    385.0   1
   481.0    382.0   1
   485.0    381.0   0
   485.0    399.0   1
   499.0    399.0   1
   503.0    405.0   1
   502.0    409.0   1
   494.0    413.0   1
   491.0    413.0   1
   490.0    413.0   1
   490.0    413.0   1
   490.0    417.0   1
   490.0    424.0   1
   490.0    429.0   1
   486.0    451.0   1
   477.0    457.0   1
   461.0    459.0   1
   453.0    459.0   1
   442.0    459.0   1
   434.0    457.0   1
   424.0    443.0   1
   424.0    430.0   1
   424.0    420.0   1
   413.0    417.0   1
   408.0    417.0   1
   405.0    408.0   1
   415.0    408.0   1
   423.0    407.0   1
   424.0    391.0   1
   426.0    380.0   1
   426.0    376.0   1
   435.0    370.0   0
   435.0    367.0   1
   437.0    367.0   1
   439.0    370.0   1
   437.0    369.0   1
   436.0    368.0   1
   471.0    372.0   0
   469.0    367.0   1
   472.0    366.0   1
   476.0    366.0   1
   476.0    368.0   1
   474.0    370.0   1
   472.0    372.0   1
   424.0    355.0   0
   438.0    352.0   1
   449.0    352.0   1
   465.0    352.0   1
   475.0    352.0   1
   483.0    357.0   1
   484.0    357.0   1
   446.0    418.0   0
   443.0    413.0   1
   443.0    412.0   1
   445.0    412.0   1
   445.0    410.0   1
   449.0    410.0   1
   451.0    415.0   1
   450.0    416.0   1
   447.0    417.0   1
   446.0    417.0   1
   460.0    415.0   0
   460.0    408.0   1
   466.0    408.0   1
   467.0    411.0   1
   467.0    413.0   1
   467.0    415.0   1
   464.0    416.0   1
   463.0    416.0   1
   462.0    416.0   1
   460.0    414.0   1
   460.0    413.0   1
   426.0    381.0   0
   375.0    380.0   1
   317.0    378.0   1
   274.0    376.0   1
   259.0    381.0   1
   249.0    388.0   1
   249.0    397.0   1
   253.0    411.0   1
   259.0    416.0   1
   268.0    423.0   1
   285.0    433.0   1
   288.0    457.0   1
   288.0    478.0   1
   283.0    503.0   1
   247.0    520.0   1
   224.0    525.0   1
   194.0    519.0   1
   183.0    505.0   1
   179.0    481.0   1
   179.0    471.0   1
   182.0    466.0   1
   190.0    466.0   1
   206.0    466.0   1
   214.0    470.0   1
   211.0    478.0   1
   206.0    478.0   1
   198.0    477.0   1
   194.0    478.0   1
   191.0    488.0   1
   193.0    500.0   1
   201.0    508.0   1
   222.0    512.0   1
   235.0    512.0   1
   261.0    500.0   1
   264.0    493.0   1
   269.0    472.0   1
   270.0    460.0   1
   265.0    444.0   1
   249.0    434.0   1
   232.0    415.0   1
   231.0    399.0   1
   231.0    376.0   1
   246.0    367.0   1
   277.0    357.0   1
   298.0    356.0   1
   288.0    342.0   1
   279.0    330.0   1
   279.0    315.0   1
   279.0    306.0   1
   279.0    274.0   1
   286.0    266.0   1
   306.0    251.0   1
   312.0    249.0   1
   330.0    249.0   1
   335.0    249.0   1
   330.0    265.0   1
   323.0    272.0   1
   322.0    288.0   1
   322.0    296.0   1
   322.0    310.0   1
   333.0    316.0   1
   361.0    326.0   1
   393.0    326.0   1
   423.0    326.0   1
   432.0    310.0   1
   432.0    283.0   1
   431.0    275.0   1
   426.0    257.0   1
   434.0    255.0   1
   447.0    255.0   1
   449.0    262.0   1
   452.0    276.0   1
   457.0    287.0   1
   458.0    298.0   1
   465.0    319.0   1
   465.0    330.0   1
   465.0    334.0   1
   353.0    321.0   0
   353.0    296.0   1
   353.0    269.0   1
   361.0    254.0   1
   356.0    248.0   1
   344.0    248.0   1
   337.0    261.0   1
   335.0    282.0   1
   333.0    300.0   1
   333.0    317.0   1
   487.0    340.0   0
   486.0    323.0   1
   486.0    307.0   1
   485.0    276.0   1
   478.0    271.0   1
   482.0    259.0   1
   469.0    259.0   1
   457.0    259.0   1
   454.0    273.0   1
   455.0    280.0   1
