   415.6    289.8   0
   406.8    289.8   1
   397.7    286.5   1
   388.4    280.9   1
   381.4    275.1   1
   371.6    272.8   1
   361.2    272.9   1
   351.4    271.3   1
   336.1    262.2   1
   330.0    256.3   1
   323.9    251.2   1
   334.3    259.2   0
   327.8    258.9   1
   316.7    259.9   1
   304.7    261.0   1
   297.4    260.0   1
   286.7    257.7   1
   270.3    253.5   1
   249.3    243.3   1
   229.1    232.2   1
   216.7    218.9   1
   212.4    206.4   1
   209.7    185.0   1
   210.9    161.6   1
   219.9    145.5   1
   235.9    135.3   1
   251.8    124.3   1
   264.3    111.9   1
   281.0    100.0   1
   296.3     91.4   1
   310.2     85.4   1
   322.4     77.9   1
   329.7     70.0   1
   330.3     58.0   1
   327.3     51.8   1
   320.4     46.0   1
   309.6     42.1   1
   296.8     42.4   1
   284.3     46.7   1
   273.2     48.5   1
   261.1     47.1   1
   246.0     40.4   1
   233.1     39.2   1
   221.1     40.2   1
   211.6     41.8   1
   204.9     47.3   1
   205.4     52.8   1
   211.4     57.1   1
   221.3     60.3   1
   232.6     60.9   1
   244.8     63.0   1
   254.4     71.8   1
   264.3     75.0   1
   255.2     71.8   0
   248.8     71.5   1
   238.7     76.4   1
   232.1     83.4   1
   225.7     92.0   1
   216.5    106.5   1
   214.4    119.5   1
   217.1    132.1   1
   217.4    218.0   0
   207.8    218.0   1
   197.4    219.0   1
   189.3    218.1   1
   181.7    213.9   1
   178.0    208.6   1
   176.5    199.9   1
   177.2    190.2   1
   177.1    207.1   0
   169.5    202.9   1
   158.7    199.1   1
   139.7    192.7   1
   120.8    187.1   1
   107.8    185.8   1
    91.7    185.7   1
    75.6    184.7   1
    63.3    181.7   1
    48.2    175.0   1
    40.4    168.5   1
    34.9    160.1   1
    33.4    153.0   1
    98.4    124.8   0
    88.7    132.9   1
    80.2    136.9   1
    67.1    142.8   1
    51.6    149.0   1
    42.9    151.4   1
    33.3    151.4   1
    27.5    148.7   1
    20.6    143.7   1
    17.6    137.5   1
    15.3    128.9   1
    56.7    125.3   0
    48.9    127.6   1
    36.2    129.5   1
    24.2    129.7   1
    17.5    127.1   1
    13.3    125.1   1
     9.5    118.2   1
     8.9    111.0   1
     8.8    101.4   1
    12.6     98.6   1
    21.4     97.9   1
    29.6     99.5   1
    13.4     98.6   0
    11.3     93.1   1
    10.9     88.3   1
    11.3     83.5   1
    13.4     80.1   1
    13.1     76.9   1
    12.8     72.9   1
    14.0     68.8   1
    16.0     63.8   1
    22.4     63.2   1
    31.0     60.9   1
    38.2     61.0   1
    47.6     57.8   1
    53.7     54.1   1
    62.1     49.3   1
    68.9     43.9   1
    76.8     43.2   1
    87.4     44.7   1
    94.7     45.7   1
   106.1     47.1   1
   116.4     46.2   1
   128.4     45.1   1
   137.0     42.0   1
   148.0     39.4   1
   162.8     34.9   1
   170.8     34.2   1
   174.3     37.1   1
   173.8     40.3   1
   167.6     43.3   1
   152.8     48.6   1
   126.1     55.8   1
   168.5     44.8   0
   169.9     51.1   1
   166.9     53.8   1
   127.7     64.5   1
   168.6     54.4   0
   167.4     59.4   1
   160.5     63.2   1
   151.2     67.2   1
   141.0     69.7   1
   126.9     73.4   1
   113.3     74.5   1
    95.6     74.5   1
    75.5     73.8   1
    61.1     74.3   1
    48.6     78.6   1
    43.0     79.1   1
   208.0     55.8   0
   199.9     54.1   1
   184.7     55.4   1
   204.8     46.5   0
   195.9     45.6   1
   186.9     44.0   1
   178.9     43.9   1
   313.3    147.8   0
   314.4    142.1   1
   320.8    132.7   1
   328.2    125.6   1
   337.6    114.3   1
   345.4    102.4   1
   346.4     95.1   1
   346.9     83.0   1
   344.4     72.8   1
   338.1     64.5   1
   346.8    154.5   0
   350.6    142.9   1
   358.6    134.2   1
   370.3    120.3   1
   375.7    108.6   1
   377.0     96.4   1
   376.1     86.1   1
   370.6     77.7   1
   360.6     73.8   1
   412.0    165.6   0
   408.9    157.9   1
   405.3    144.5   1
   399.9    128.1   1
   398.0    116.3   1
   398.6    105.0   1
   395.4     95.6   1
   389.4     90.5   1
   379.6     89.0   1
   390.2     91.2   0
   392.8     84.6   1
   393.6     74.9   1
   390.5     67.1   1
   385.9     60.3   1
   390.4     66.3   0
   395.2     65.9   1
   399.9     63.9   1
   402.7     59.6   1
   397.6     56.9   0
   403.4     58.0   1
   410.5     57.3   1
   416.0     55.3   1
   423.7     52.2   1
   429.8     48.4   1
   432.8     45.8   1
   435.7     41.5   1
   433.8     38.4   1
   429.6     36.4   1
   420.0     36.4   1
   408.1     38.3   1
   398.7     41.5   1
   389.1     42.4   1
   382.6     41.3   1
   370.2     45.6   1
   359.5     52.2   1
   351.1     56.9   1
   412.9    166.4   0
   416.1    148.4   1
   417.3    125.8   1
   415.7    107.5   1
   413.1     86.8   1
   409.0     58.3   1
   433.1    167.8   0
   433.1    149.3   1
   432.0    128.5   1
   429.1    104.7   1
   423.1     81.1   1
   414.3     63.4   1
   409.8     58.2   1
   433.9    168.5   0
   429.7    166.5   1
   423.1    164.7   1
   413.6    165.5   1
   416.4    289.7   0
   422.5    286.0   1
   426.9    280.8   1
   428.9    276.6   1
   433.6    274.6   1
   439.5    269.2   1
   444.6    263.2   1
   449.5    254.7   1
   455.5    249.4   1
   460.7    236.1   1
   443.8    199.0   0
   439.3    202.6   1
   430.0    205.8   1
   416.5    207.8   1
   406.5    203.9   1
   401.8    195.4   1
   401.6    184.2   1
   403.2    175.2   1
   407.6    170.0   1
   444.6    198.9   0
   443.3    174.9   1
   438.8    169.7   1
   444.7    199.7   0
   451.3    201.5   1
   457.0    202.6   1
   463.5    203.7   1
   469.0    202.4   1
   474.3    198.7   1
   477.8    192.8   1
   479.4    183.8   1
   479.5    175.0   1
   475.7    168.9   1
   470.5    164.5   1
   461.5    162.9   1
   454.5    165.1   1
   446.2    170.7   1
   454.6    165.9   0
   455.0    152.2   1
   454.2    133.8   1
   452.4    113.1   1
   449.8     92.5   1
   443.3     64.1   1
   439.9     53.2   1
   473.0    165.9   0
   472.9    155.5   1
   472.0    135.5   1
   467.7    105.3   1
   462.0     85.8   1
   454.6     65.5   1
   445.5     52.7   1
   442.1     51.4   1
   461.6    236.8   0
   465.7    228.4   1
   470.1    214.4   1
   471.0    207.0   1
   466.3    226.7   0
   461.2    232.8   1
   454.9    234.1   1
   444.4    233.5   1
   441.6    228.9   1
   444.8    201.3   0
   445.1    214.1   1
   441.9    223.2   1
   437.6    229.2   1
   432.5    234.5   1
   426.0    233.5   1
   420.8    229.9   1
   416.4    224.7   1
   412.5    217.8   1
   442.5    229.6   0
   440.6    226.6   1
   459.8    225.7   0
   454.8    223.7   1
   453.8    221.4   1
   459.0    225.8   0
   461.3    224.0   1
   461.7    219.9   1
   457.7    220.3   1
   438.3    218.7   0
   436.3    222.9   1
   432.4    224.9   1
   430.7    223.4   1
   431.3    221.0   1
   434.3    219.1   1
   458.1    242.7   0
   454.8    241.4   1
   454.5    238.2   1
   454.4    237.4   0
   412.1    240.3   0
   409.1    243.0   1
   401.4    246.9   1
   395.7    245.8   1
   392.3    242.8   1
   391.2    239.7   1
   390.9    236.5   1
   394.8    235.4   1
   398.8    235.0   1
   403.6    235.4   1
   407.0    236.7   1
   425.0    195.0   0
   417.0    194.9   1
   405.5    191.9   1
   394.5    186.4   1
   383.3    177.8   1
   413.8    186.4   0
   406.6    186.2   1
   399.7    181.2   1
   393.5    174.5   1
   422.8    188.0   0
   414.3    183.1   1
   407.2    174.9   1
   400.0    165.9   1
   397.3    153.3   1
   426.0    178.9   0
   419.8    172.2   1
   416.6    163.6   1
   410.6    149.7   1
   409.8    140.9   1
   465.8    193.0   0
   476.9    191.3   1
   485.4    187.3   1
   493.5    179.4   1
   498.6    173.3   1
   503.7    167.2   1
   471.7    187.7   0
   480.8    180.5   1
   489.5    170.1   1
   493.6    161.7   1
   467.7    178.4   0
   476.1    172.9   1
   485.0    164.9   1
   493.9    156.9   1
   496.7    151.8   1
   463.4    174.8   0
   474.5    164.2   1
   481.6    153.1   1
   484.1    144.9   1
   398.8    243.9   0
   399.5    243.0   1
   398.6    241.5   1
   397.8    241.6   1
   397.0    242.4   1
   398.0    244.0   1
   399.6    244.6   0
   400.2    241.4   1
   400.7    238.1   1
   399.7    235.8   1
   398.2    237.5   1
   398.5    240.7   1
   399.0    246.3   1
   399.7    245.4   1
