   255.2    315.7   0
   272.5    312.7   1
   286.7    304.5   1
   296.9    290.3   1
   306.1    260.7   1
   311.2    251.6   1
   321.3    245.5   1
   335.6    243.4   1
   378.4    255.6   1
   399.7    277.0   1
   256.2    314.7   0
   260.2    308.6   1
   257.2    301.5   1
   256.2    314.7   0
   252.1    316.7   1
   253.1    311.6   1
   257.2    313.7   1
   254.1    312.7   0
   252.1    306.6   1
   251.1    303.5   1
   260.2    294.3   1
   260.2    286.2   1
   260.2    282.1   1
   258.2    282.1   1
   251.1    291.3   1
   246.0    296.4   1
   239.9    292.3   1
   236.8    285.2   1
   241.9    274.0   1
   251.1    260.7   1
   252.1    251.6   1
   246.0    265.8   0
   242.9    258.7   1
   242.9    246.5   1
   246.0    235.3   1
   242.9    258.7   0
   236.8    250.6   1
   231.7    245.5   1
   224.6    244.4   1
   215.4    247.5   1
   203.2    255.6   1
   186.9    265.8   1
   170.6    274.0   1
   146.2    269.9   1
   124.8    258.7   1
    97.3    237.3   1
    72.9    219.0   1
    59.6    207.8   1
    85.1    212.9   1
   109.5    206.8   1
   113.6    200.7   1
   112.6    193.5   1
   133.0    197.6   1
   151.3    189.5   1
   164.5    170.1   1
   170.6    153.8   1
   189.0    159.9   1
   207.3    159.9   1
   243.9    243.4   0
   235.8    237.3   1
   230.7    234.3   1
   221.5    235.3   1
   209.3    243.4   1
   194.1    252.6   1
   177.8    260.7   1
   158.4    269.9   1
   238.9    240.4   0
   243.9    229.2   1
   241.9    219.0   1
   237.8    206.8   1
   237.8    192.5   1
   238.9    169.1   1
   240.9    144.7   1
   254.1    119.2   1
   270.4    102.9   1
   298.9    109.0   1
   315.2    131.4   1
   321.3    143.6   1
   253.1    120.2   0
   246.0    123.3   1
   241.9    119.2   1
   241.9    111.1   1
   239.9     96.8   1
   239.9     90.7   1
   245.0     85.6   1
   237.8     86.6   1
   241.9     82.5   1
   235.8     86.6   1
   234.8     81.5   1
   231.7     86.6   1
   233.8    111.1   1
   236.8    122.3   1
   240.9    130.4   1
   246.0    129.4   1
   252.1    127.3   1
   204.2    158.9   0
   217.5    153.8   1
   225.6    145.7   1
   230.7    128.4   1
   230.7    112.1   1
   232.7     97.8   1
   167.6    266.9   0
   169.6    242.4   1
   168.6    214.9   1
   172.7    188.4   1
   174.7    168.1   1
   173.7    156.9   1
   168.6    265.8   0
   153.3    252.6   1
   147.2    242.4   1
   136.0    227.1   1
   124.8    211.9   1
   117.7    200.7   1
   113.6    196.6   1
   170.6    274.0   0
   194.1    266.9   1
   214.4    258.7   1
   231.7    257.7   1
   243.9    259.7   1
   312.2    124.3   0
   323.4    123.3   1
   326.4    114.1   1
   325.4     98.8   1
   326.4     89.7   1
   321.3     86.6   1
   326.4     85.6   1
   326.4     79.5   1
   331.5     84.6   1
   336.6     79.5   1
   333.5     86.6   1
   340.7     81.5   1
   334.6     99.9   1
   336.6    116.1   1
   335.6    121.2   1
   331.5    129.4   1
   316.2    130.4   1
   240.9     97.8   0
   249.0     99.9   1
   258.2     96.8   1
   270.4     88.7   1
   277.5     81.5   1
   283.6     71.3   1
   292.8     86.6   1
   306.1     95.8   1
   315.2     96.8   1
   328.5     91.7   1
   284.7    107.0   0
   285.7     75.4   1
   311.2    253.6   0
   314.2    240.4   1
   320.3    232.2   1
   327.4    225.1   1
   339.7    221.0   1
   351.9    227.1   1
   369.2    240.4   1
   383.4    256.7   1
   387.5    262.8   1
   319.3    141.6   0
   323.4    159.9   1
   321.3    188.4   1
   320.3    207.8   1
   319.3    216.9   1
   313.2    212.9   0
   318.3    218.0   1
   329.5    210.8   1
   339.7    206.8   1
   353.9    216.9   1
   363.1    224.1   1
   379.4    240.4   1
   389.6    248.5   1
   396.7    271.9   0
   405.8    270.9   1
   386.5    261.7   0
   406.9    255.6   1
   428.2    244.4   1
   449.6    227.1   1
   470.0    208.8   1
   482.2    196.6   1
   499.5    175.2   1
   510.7    159.9   1
   512.8    149.7   1
   493.4    167.0   1
   477.1    173.2   1
   468.0    168.1   1
   456.8    150.8   1
   454.7    142.6   1
   445.6    153.8   1
   429.3    159.9   1
   415.0    153.8   1
   402.8    139.6   1
   398.7    131.4   1
   391.6    142.6   1
   377.3    148.7   1
   366.1    141.6   1
   353.9    127.3   1
   345.8    115.1   1
   337.6     98.8   1
   391.6    256.7   0
   392.6    243.4   1
   395.7    222.0   1
   399.7    195.6   1
   399.7    173.2   1
   400.7    143.6   1
   400.7    133.4   1
   392.6    251.6   0
   404.8    251.6   1
   424.2    242.4   1
   438.4    232.2   1
   458.8    215.9   1
   473.0    207.8   1
   393.6    250.5   0
   408.9    237.3   1
   421.1    221.0   1
   433.3    204.7   1
   444.5    185.4   1
   452.7    165.0   1
   454.7    146.7   1
   267.4    230.2   0
   268.4    214.9   1
   279.6    201.7   1
   293.8    193.5   1
   160.5    269.9   0
   145.2    264.8   1
   131.9    255.7   1
   118.7    246.5   1
    95.3    231.2   1
    79.0    219.0   1
    67.8    211.9   1
   398.7    269.9   0
   391.6    262.8   1
   252.1    316.7   0
   248.0    314.7   1
   247.0    309.6   1
   251.1    303.5   1
   268.4    304.5   0
   272.5    306.6   1
   276.5    300.4   1
   274.5    298.4   1
   266.4    302.5   1
   269.4    305.5   1
   292.8    276.0   0
   297.9    275.0   1
   303.0    282.1   1
   304.0    291.3   1
   308.1    297.4   1
   300.0    303.5   1
   293.8    301.5   1
   286.7    296.4   1
   284.7    290.3   1
   292.8    280.1   0
   297.9    279.1   1
   303.0    290.3   1
   303.0    298.4   0
   296.9    298.4   1
   289.8    293.3   1
   288.8    290.3   1
   290.8    284.2   0
   294.9    284.2   1
   298.9    290.3   1
   291.8    289.2   1
   285.7    305.5   0
   281.6    321.8   1
   283.7    325.9   1
   279.6    330.0   1
   276.5    320.8   1
   275.5    313.7   1
   276.5    322.8   0
   271.4    315.7   1
   259.2    285.2   0
   256.2    290.3   1
   255.2    289.2   1
   254.1    290.3   0
   255.2    295.4   1
   253.1    293.3   1
   250.1    294.3   0
   251.1    299.4   1
   249.0    297.4   1
   247.0    305.5   0
   247.0    301.5   1
   253.1    303.5   1
   253.1    299.4   0
   253.1    295.4   1
   257.2    297.4   1
   247.0    297.4   0
   241.9    298.4   1
   237.8    290.3   1
   173.7    273.0   0
   165.5    281.1   1
   163.5    289.3   1
   161.5    285.2   1
   161.5    281.1   1
   161.5    273.0   1
   289.8    270.9   0
   286.7    265.8   1
   283.7    262.8   1
   277.6    260.7   1
   272.5    261.8   1
