   231.9    301.3   0
   221.0    295.7   1
   208.9    291.6   1
   186.2    285.7   1
   172.9    283.0   1
   156.0    283.2   1
   128.3    279.1   1
   105.6    273.3   1
    95.6    263.7   1
    81.8    254.5   1
    55.7    209.8   1
    55.4    191.6   1
    57.5    184.9   1
    45.0    176.9   1
    31.7    174.1   1
    25.8    165.5   1
    29.6    149.6   1
    34.2    142.6   1
    38.1    112.3   1
    37.3    103.3   1
    40.9    100.3   1
    35.9     87.7   1
    55.6     74.3   1
    75.0     72.6   1
    78.3     80.1   1
    72.2    100.2   1
    72.6    105.4   1
    62.2     90.7   1
    50.8     94.3   1
    38.4    101.9   1
    71.1    102.9   0
    67.9    111.0   1
    58.0    131.4   1
    57.1    151.1   1
    80.5    150.3   1
   100.7    157.7   1
   110.3    163.3   1
   114.4    165.6   1
   119.8    182.1   1
   134.0    195.2   1
   119.2    175.6   0
   131.5    166.7   1
   134.3    154.7   1
   131.4    151.1   1
   124.0    155.6   1
   134.6    143.0   1
   134.4    126.0   1
   128.6    134.4   1
   127.4    120.1   1
   117.5    111.9   1
   111.0    111.2   1
   108.4    111.4   1
   114.9    126.4   1
   109.6    139.9   1
   101.2    148.5   1
    96.4    152.8   1
    91.0    150.7   1
    95.6    143.8   1
    95.7    130.7   1
    88.2    119.7   1
    94.1    112.6   1
   104.5    111.7   1
    50.8    182.9   0
    39.0    197.0   1
    36.6    214.1   1
    44.3    227.8   1
    64.9    254.7   1
    73.3    261.7   1
    83.9    263.4   1
    92.9    262.6   1
   142.4    187.9   0
   149.0    173.0   1
   149.2    161.2   1
   138.3    155.7   1
   138.7    145.2   1
   142.2    141.0   1
   154.2    128.2   1
   171.9    107.1   1
   180.7     89.4   1
   182.6     81.4   1
   195.0     73.8   1
   211.8     72.3   1
   221.1     74.1   1
   216.1     91.5   1
   208.7     96.1   1
   209.3    102.5   1
   193.4    114.4   1
   182.8    128.3   1
   177.3    139.2   1
   177.6    143.1   1
   199.1    150.4   1
   210.4    159.8   1
   215.0    168.5   1
   216.1    180.2   1
   216.5    185.3   1
   165.7    185.9   1
   126.9    189.3   1
   217.8    185.2   0
   254.8    191.1   1
   249.3    187.7   1
   248.9    182.5   1
   255.6    170.2   1
   266.6    161.4   1
   277.0    161.8   1
   282.8    167.8   1
   288.6    175.1   1
   289.3    182.9   1
   272.3    181.8   1
   261.2    189.2   1
   256.6    196.2   1
   257.7    194.8   0
   262.3    202.2   1
   264.3    209.8   1
   263.9    220.3   1
   263.2    226.9   1
   261.6    224.4   1
   248.9    228.1   1
   253.6    236.8   1
   288.0    183.0   0
   292.8    193.0   1
   290.4    210.1   1
   287.6    223.4   1
   287.5    236.5   1
   288.5    248.1   1
   282.7    256.4   1
   272.4    257.3   1
   256.6    256.1   1
   250.0    255.4   1
   263.3    258.1   0
   263.9    264.6   1
   261.6    268.7   1
   260.6    271.4   1
   263.7    217.7   0
   242.9    218.2   1
   229.4    212.9   1
   224.0    210.7   1
   219.3    217.7   1
   208.3    225.2   1
   209.1    234.2   1
   209.5    239.4   1
   207.8    234.3   1
   201.8    240.1   1
   287.1    172.6   0
   291.6    164.4   1
   294.3    151.1   1
   293.5    142.1   1
   304.7    135.9   1
   308.5    134.3   1
   314.0    137.7   1
   315.8    142.7   1
   309.7    132.9   0
   314.2    124.6   1
   320.8    111.0   1
   321.4    103.1   1
   320.6     94.1   1
   322.5     86.1   1
   327.3     80.5   1
   345.7     68.4   1
   328.5     80.4   0
   321.7     77.0   1
   328.5     64.7   1
   341.8     53.1   1
   356.0     51.9   1
   369.3     54.6   1
   371.2     61.0   1
   369.5     71.6   1
   367.8     82.1   1
   368.6     91.2   1
   352.8    104.3   1
   341.9    128.7   1
   336.8    144.8   1
   327.1    153.5   1
   332.1    150.4   1
   333.2    163.4   1
   322.9    179.9   1
   328.1    209.4   1
   330.4    221.0   1
   331.3    231.3   1
   325.1    234.5   1
   308.3    221.6   1
   297.8    205.6   1
   291.1    203.6   1
   325.2    235.8   0
   329.0    249.8   1
   333.8    259.8   1
   328.6    274.6   1
   326.8    283.9   1
   309.9    284.0   1
   291.0    292.2   1
   281.3    299.6   1
   274.2    308.0   1
   265.7    315.3   1
   249.4    323.2   1
   428.4    268.4   1
   416.2    263.0   1
   398.8    258.0   1
   382.0    259.5   1
   364.9    272.7   1
   365.4    277.9   1
   368.2    280.2   1
   379.3    272.7   1
   387.8    265.5   1
   400.7    264.4   1
   407.6    269.0   1
   416.7    268.2   1
   420.9    271.7   1
   370.0    285.3   0
   362.4    272.9   1
   350.0    266.2   1
   337.9    276.4   1
   335.9    283.1   1
   343.6    282.4   1
   348.3    291.1   1
   339.2    291.9   1
   343.5    295.4   1
   340.4    290.5   0
   326.2    291.7   1
   306.8    293.4   1
   292.0    302.6   1
   279.6    310.2   1
   276.2    315.7   1
   319.7    292.3   0
   313.3    308.5   1
   314.4    320.1   1
   319.1    330.2   1
   321.2    339.1   1
   322.5    353.3   1
   318.4    366.7   1
   316.0    368.2   1
   321.1    337.8   0
   309.1    334.9   1
   302.9    338.1   1
   283.1    320.3   1
   277.6    316.8   1
   304.4    340.6   0
   312.2    355.5   1
   315.1    373.5   1
   311.8    380.3   1
   302.9    382.4   1
   299.6    360.5   1
   291.8    345.6   1
   272.2    330.3   1
   259.9    323.6   1
   243.8    318.5   1
   231.6    313.1   1
   230.7    302.7   1
   245.4    306.6   1
   261.5    311.7   1
   265.5    312.7   1
   316.4    329.1   0
   328.6    318.9   1
   337.6    318.1   1
   342.0    308.6   1
   344.3    304.5   1
   343.7    298.0   1
   342.1    294.3   1
   370.2    287.9   0
   372.8    303.3   1
   372.7    316.3   1
   373.7    328.0   1
   362.6    335.5   1
   348.7    354.9   1
   337.2    357.2   1
   334.8    360.1   1
   334.1    366.6   1
   317.8    374.6   1
   314.2    377.5   1
   291.8    345.6   0
   287.4    355.1   1
   284.8    369.7   1
   285.2    374.8   1
   291.9    376.9   1
   299.7    376.2   1
   302.3    375.9   1
   278.6    344.1   0
   256.7    346.1   1
   241.7    353.9   1
   234.6    362.3   1
   232.3    365.1   1
   230.5    374.4   1
   232.0    362.5   0
   218.1    352.0   1
   204.0    340.2   1
   194.2    332.0   1
   179.1    338.5   1
   173.6    350.7   1
   191.6    332.2   0
   193.5    324.2   1
   206.2    320.5   1
   215.6    309.2   1
   209.7    300.6   1
   199.0    297.7   1
   200.5    300.1   1
   213.2    310.8   1
   203.0    314.2   0
   194.8    309.8   0
   186.7    306.6   0
   188.6    298.6   1
   185.7    294.9   1
   166.9    303.1   1
   156.2    315.7   1
   149.6    329.4   1
   150.2    335.8   1
   159.0    346.8   1
   162.8    346.4   1
   168.0    360.3   1
   173.7    366.3   1
   179.2    369.8   1
   183.6    374.6   1
   184.6    386.3   1
   195.7    394.4   1
   207.6    396.0   1
   215.4    395.3   1
   222.3    399.9   1
   231.6    401.7   1
   239.3    401.0   1
   248.7    404.1   1
   251.7    409.0   1
   251.9    410.3   1
   250.3    422.2   1
   250.6    426.1   1
   254.7    428.3   1
   257.1    425.5   1
   253.3    411.5   0
   257.0    409.9   1
   259.7    411.0   1
   260.2    416.1   1
   260.9    423.9   1
   265.2    428.7   1
   273.6    435.8   1
   277.9    439.3   1
   280.6    440.4   1
   284.4    440.1   1
   289.5    438.3   1
   289.4    437.0   1
   295.9    436.5   1
   299.4    432.2   1
   299.9    423.1   1
   298.2    418.0   1
   298.8    410.1   1
   295.5    402.6   1
   292.8    401.5   1
   291.2    397.8   1
   289.0    387.5   1
   288.4    381.1   1
   286.9    378.6   1
   274.4    384.9   1
   272.5    392.9   1
   271.8    399.5   1
   267.5    395.9   1
   261.4    400.4   1
   258.4    395.4   1
   254.9    400.9   1
   261.0    410.8   1
   264.8    409.2   1
   269.7    406.2   1
   274.8    404.4   1
   280.2    406.6   1
   288.0    405.9   1
   290.6    405.6   1
   291.2    413.4   1
   290.1    414.8   1
   290.7    422.6   1
   290.6    405.6   0
   292.7    400.2   1
   305.4    382.2   0
   290.6    391.3   1
   298.8    410.1   0
   306.1    419.9   1
   306.9    429.0   1
   304.5    430.5   0
   301.6    442.5   1
   293.8    443.2   1
   290.8    438.2   1
   279.7    445.7   1
   271.7    443.8   1
   264.8    439.2   1
   263.5    439.3   1
   293.8    443.2   0
   281.2    448.2   1
   272.2    449.0   1
   262.9    447.2   1
   253.3    441.5   1
   241.8    429.5   1
   232.3    410.7   1
   221.8    409.1   1
   215.7    399.2   1
   214.1    395.4   1
   239.7    346.2   0
   227.5    340.8   1
   285.8    425.6   1
   268.6    423.2   1
   278.1    427.6   1
   282.0    427.3   1
   284.6    427.0   1
   282.7    420.7   0
   281.1    416.9   1
   275.9    417.4   1
   273.5    418.9   1
   278.9    421.0   1
   281.3    419.5   1
   282.5    418.1   1
   278.9    421.0   0
   278.5    417.1   1
   276.2    419.9   1
   273.5    418.9   1
   292.0    422.5   0
   300.1    425.7   1
   291.9    421.2   0
   300.9    419.1   1
   296.5    414.3   0
   292.6    414.6   1
   290.5    420.0   1
   306.9    250.4   0
   297.4    260.4   1
   288.9    267.6   1
   280.9    280.1   1
   269.9    288.8   0
   262.7    296.0   1
   261.7    300.0   1
   264.6    302.3   1
   268.4    302.0   1
   263.6    306.3   1
   262.8    311.6   1
   320.1    251.9   0
   325.0    263.2   1
   325.5    268.3   1
   327.2    273.4   1
   351.7    344.2   0
   350.4    330.0   1
   277.7    378.1   0
   258.4    381.1   1
   263.9    384.5   0
   259.0    387.6   1
   258.2    392.8   1
   271.7    383.8   0
   270.7    387.8   1
   272.2    389.0   1
   320.4    374.4   0
   300.4    383.9   1
   289.4    392.7   1
   278.1    397.6   0
   286.0    398.2   1
   286.3    402.1   1
   281.2    402.6   1
   278.2    398.9   1
   278.1    397.6   1
   256.9    422.9   0
   253.3    427.2   1
   249.1    423.6   1
   248.7    418.4   1
   251.9    410.3   1
   254.4    410.1   1
