   192.8    289.8   0
   199.8    281.8   1
   198.8    270.8   1
   197.8    263.8   1
   204.8    256.8   1
   214.8    246.8   1
   214.8    233.8   1
   208.8    219.8   1
   200.8    215.8   1
   190.8    290.8   0
   177.8    294.8   1
   158.8    294.8   1
   140.8    288.8   1
   136.8    279.8   1
   135.8    271.8   1
   135.8    265.8   1
   128.8    258.9   1
   124.8    248.9   1
   123.8    237.9   1
   126.8    226.9   1
   136.8    222.8   1
   146.8    219.8   1
   170.8    254.8   0
   173.8    250.8   1
   168.8    245.8   1
   160.8    245.8   1
   155.8    249.8   1
   155.8    254.8   1
   161.8    255.8   1
   169.8    255.8   1
   182.8    275.8   0
   184.8    272.8   1
   182.8    269.8   1
   176.8    270.8   1
   177.8    274.8   1
   182.8    276.8   1
   156.8    275.8   0
   159.8    272.8   1
   157.8    269.8   1
   153.8    269.8   1
   151.8    272.8   1
   151.8    275.8   1
   156.8    276.8   1
   186.8    239.8   0
   182.8    232.8   1
   170.8    228.8   1
   156.8    227.8   1
   149.8    230.8   1
   143.8    236.8   1
   207.8    218.8   0
   208.8    208.8   1
   218.8    197.8   1
   219.8    183.8   1
   215.8    177.8   1
   208.8    170.8   1
   196.8    167.8   1
   178.8    167.8   1
   165.8    172.8   1
   161.8    183.8   1
   152.8    184.8   1
   149.8    192.8   1
   154.8    202.8   1
   175.8    200.8   1
   179.8    193.8   1
   193.8    189.8   1
   188.8    192.8   0
   188.8    196.8   1
   193.8    206.8   1
   190.8    201.8   0
   187.8    204.8   1
   187.8    204.8   1
   133.8    223.8   0
   133.8    224.8   1
   126.8    227.9   0
   120.8    218.9   1
   116.8    207.9   1
   114.8    193.9   1
   118.8    177.9   1
   142.8    173.8   1
   163.8    175.8   1
   150.8    195.8   0
   143.8    196.8   1
   140.8    201.8   1
   145.8    204.8   1
   153.8    201.8   1
   209.8    170.8   0
   209.8    142.8   1
   199.8    115.8   1
   179.8    102.8   1
   133.8    102.8   1
   119.8    115.9   1
   116.8    150.9   1
   120.8    177.9   1
   188.8    108.8   0
   190.8     84.8   1
   187.8     65.8   1
   177.8     64.8   0
   188.8     67.8   1
   202.8     66.8   1
   206.8     55.8   1
   195.8     49.8   1
   185.8     49.8   1
   175.8     49.8   1
   168.8     56.8   1
   168.8     71.8   1
   167.8     91.8   1
   166.8    100.8   1
   140.8    100.8   0
   140.8     91.8   1
   140.8     76.8   1
   138.8     65.8   1
   129.8     62.9   0
   139.8     63.8   1
   151.8     63.8   1
   156.8     51.8   1
   154.8     49.8   1
   139.8     47.8   1
   126.8     47.9   1
   119.8     53.9   1
   117.8     61.9   1
   117.8     79.9   1
   121.8    112.9   1
   196.8    286.8   0
   207.8    291.8   1
   212.8    302.8   1
   203.8    304.8   1
   197.8    303.8   1
   188.8    293.8   1
   154.8    293.8   0
   152.8    311.8   1
   143.8    311.8   1
   138.8    306.8   1
   141.8    291.8   1
   141.8    291.8   1
   198.8    215.8   0
   192.8    212.8   1
   185.8    213.8   1
   180.8    219.8   1
   170.8    220.8   1
   165.8    215.8   1
   164.8    212.8   1
   162.8    219.8   1
   156.8    222.8   1
   147.8    221.8   1
   145.8    218.8   1
   143.8    205.8   1
   184.8    215.8   0
   184.8    208.8   1
   177.8    199.8   1
   208.8    167.8   0
   194.8    164.8   1
   176.8    160.8   1
   163.8    164.8   1
   152.8    162.8   1
   143.8    158.8   1
   133.8    158.8   1
   119.8    161.9   1
   153.8    199.8   0
   159.8    199.8   1
   152.8    195.8   0
   156.8    195.8   1
   206.8    214.8   0
   200.8    211.8   1
   193.8    209.8   1
   184.8    209.8   1
   144.8    215.8   0
   135.8    217.8   1
   124.8    222.9   1
   124.8    222.9   1
   124.8    222.9   1
   212.8    304.8   0
   197.8    311.8   1
   187.8    304.8   1
   180.8    295.8   1
   152.8    313.8   0
   163.8    306.8   1
   164.8    294.8   1
   148.8    240.8   0
   142.8    237.8   1
   141.8    236.8   1
   183.8    242.8   0
   192.8    239.8   1
   152.8     59.8   0
   146.8     59.8   1
   154.8     53.8   0
   146.8     53.8   1
   201.8     64.8   0
   188.8     64.8   1
   204.8     57.8   0
   195.8     57.8   1
   176.8    211.8   0
   175.8    204.8   1
   175.8    212.8   0
   168.8    212.8   1
   174.8    208.8   1
   168.8    207.8   1
    62.8    288.9   0
    76.8    289.9   1
    85.8    273.9   1
    67.8    250.9   1
    55.8    241.9   1
    69.8    289.9   0
    57.8    285.9   1
    53.8    280.9   1
    43.8    292.9   1
    25.8    288.9   1
    23.8    275.9   1
    31.8    259.9   1
    44.8    246.9   1
    54.8    241.9   1
    57.8    243.9   1
