   173.2    217.7   0
   175.2    217.7   1
   180.2    221.7   1
   186.2    226.7   1
   191.2    233.7   1
   196.2    240.7   1
   196.2    250.7   1
   196.2    258.7   1
   196.2    270.7   1
   195.2    281.7   1
   191.2    286.7   1
   181.2    291.7   1
   175.2    295.7   1
   175.2    290.7   0
   175.2    291.7   1
   178.2    297.7   1
   178.2    311.7   1
   177.2    322.7   1
   165.2    324.7   1
   156.2    324.7   1
   149.2    323.7   1
   141.2    320.7   1
   139.2    313.7   1
   137.2    304.7   1
   139.2    296.7   0
   143.2    303.7   1
   149.2    310.7   1
   160.2    318.7   1
   167.2    318.7   1
   169.2    311.7   1
   170.2    301.7   1
   170.2    296.7   1
   165.2    291.7   1
   135.2    310.7   0
   135.2    310.7   1
   131.2    311.7   1
   123.2    313.8   1
   112.2    313.8   1
   106.2    312.8   1
    99.2    312.8   1
    86.2    308.8   1
    83.2    306.8   1
    84.2    296.8   0
    84.2    298.8   1
    84.2    309.8   1
    81.2    316.8   1
    71.2    321.8   1
    56.2    322.8   1
    44.2    318.8   1
    43.2    307.8   1
    43.2    295.8   1
    44.2    286.8   1
    50.2    275.8   1
    53.2    274.8   1
    75.2    295.8   0
    75.2    298.8   1
    74.2    309.8   1
    71.2    312.8   1
    67.2    313.8   1
    60.2    313.8   1
    51.2    308.8   1
    52.2    304.8   1
    53.2    299.8   1
    53.2    291.8   1
    54.2    288.8   1
    56.2    285.8   1
    58.2    283.8   1
    47.2    279.8   0
    45.2    271.8   1
    40.2    256.8   1
    42.2    249.8   1
    42.2    237.8   1
    42.2    232.8   1
    52.2    218.8   1
    53.2    216.8   1
    60.2    211.8   1
    67.2    207.8   1
    70.2    206.8   1
    74.2    203.8   1
    78.2    202.8   1
    87.2    202.8   1
    91.2    202.8   1
   183.2    224.7   0
   191.2    222.7   1
   201.2    217.7   1
   203.2    215.7   1
   207.2    210.7   1
   218.2    202.7   1
   221.2    201.7   1
   225.2    195.7   1
   232.2    188.7   1
   236.2    184.7   1
   243.2    177.7   1
   246.2    169.7   1
   250.2    160.7   1
   254.2    153.7   1
   259.2    144.7   1
   259.2    135.7   1
   259.2    127.7   1
   259.2    115.7   1
   260.2    107.7   1
   254.2     95.7   1
   252.2     89.7   1
   249.2     76.7   1
   237.2     71.7   1
   226.2     67.7   1
   215.2     57.7   1
   202.2     54.7   1
   190.2     54.7   1
   187.2     54.7   1
   178.2     54.7   1
   169.2     54.7   1
   160.2     54.7   1
   160.2     98.7   0
   164.2     98.7   1
   172.2     98.7   1
   178.2     97.7   1
   183.2     88.7   1
   183.2     82.7   1
   182.2     69.7   1
   174.2     64.7   1
   168.2     64.7   1
   164.2     61.7   1
   160.2     58.7   1
   157.2     51.7   1
   152.2     51.7   1
   145.2     49.7   1
   142.2     50.7   1
   133.2     49.7   1
   124.2     49.8   1
   119.2     49.8   1
   116.2     49.8   1
   116.2     49.8   1
   116.2     49.8   1
   123.2     54.8   1
   126.2     60.7   1
   131.2     74.7   1
   131.2     84.7   1
   132.2     91.7   1
   127.2     96.7   1
   125.2     99.7   1
   116.2     99.8   1
   105.2     96.8   1
   102.2     85.8   1
   102.2     78.8   1
   102.2     66.8   1
   103.2     57.8   1
   105.2     55.8   1
   108.2     53.8   1
   114.2     53.8   1
   118.2     53.8   1
   121.2     53.8   1
   165.2     99.7   0
   157.2     99.7   1
   150.2     97.7   1
   142.2     94.7   1
   140.2     86.7   1
   138.2     86.7   1
   134.2     86.7   1
   131.2     97.7   0
   131.2     97.7   1
   135.2    106.7   1
   138.2    118.7   1
   138.2    118.7   1
   120.2    105.8   1
   120.2    105.8   1
   119.2    101.8   0
   119.2    101.8   1
   120.2    126.8   1
   111.2    101.8   1
   111.2    101.8   0
    90.2    121.8   1
   104.2     96.8   1
   103.2     61.8   0
   103.2     61.8   1
    82.2     60.8   1
    72.2     63.8   1
    67.2     65.8   1
    64.2     68.8   1
    65.2    116.8   0
    69.2    116.8   1
    77.2    116.8   1
    81.2    111.8   1
    86.2    100.8   1
    86.2     95.8   1
    81.2     88.8   1
    70.2     81.8   1
    68.2     74.8   1
    68.2     63.8   1
    64.2     58.8   1
    56.2     58.8   1
    47.2     58.8   1
    38.2     62.8   1
    33.2     71.8   1
    35.2     79.8   1
    43.2     93.8   1
    50.2    101.8   1
    55.2    110.8   1
    60.2    117.8   1
    67.2    117.8   1
    34.2     79.8   0
    29.2     87.8   1
    25.2    106.8   1
    25.2    121.8   1
    27.2    130.8   1
    34.2    145.8   1
    41.2    156.8   1
    48.2    172.8   1
    56.2    187.8   1
    61.2    203.8   1
    64.2    208.8   1
   196.2    201.7   0
   202.2    204.7   1
   211.2    195.7   1
   216.2    181.7   1
   218.2    175.7   1
   215.2    163.7   1
   202.2    155.7   1
   189.2    153.7   1
   174.2    151.7   1
   165.2    150.7   1
   154.2    150.7   1
   141.2    151.7   1
   132.2    156.7   1
   196.2    202.7   0
   191.2    203.7   1
   179.2    194.7   1
   173.2    190.7   1
   162.2    184.7   1
   155.2    182.7   1
   143.2    181.7   1
   143.2    181.7   0
   137.2    178.7   1
   135.2    171.7   1
   135.2    168.7   1
   136.2    162.7   1
   135.2    158.7   1
    73.2    191.8   0
    81.2    191.8   1
    99.2    183.8   1
   106.2    183.8   1
   116.2    181.8   1
   118.2    176.8   1
   118.2    172.8   1
   118.2    167.8   1
   118.2    162.8   1
   112.2    161.8   1
   103.2    162.8   1
    92.2    161.8   1
    80.2    161.8   1
    72.2    161.8   1
    63.2    164.8   1
    59.2    173.8   1
    59.2    183.8   1
    67.2    188.8   1
    71.2    189.8   1
    75.2    192.8   1
   142.2    176.7   0
   136.2    176.7   1
   133.2    178.7   1
   130.2    182.7   1
   128.2    183.7   1
   128.2    183.7   1
   130.2    178.7   1
   133.2    176.7   1
   140.2    172.7   1
   142.2    169.7   0
   137.2    170.7   1
   124.2    172.8   1
   123.2    176.8   1
   123.2    175.8   1
   125.2    169.7   1
   130.2    166.7   1
   138.2    165.7   1
   144.2    165.7   1
   144.2    163.7   0
   139.2    163.7   1
   130.2    163.7   1
   123.2    164.8   1
   123.2    162.8   1
   127.2    159.7   1
   134.2    158.7   1
   139.2    158.7   1
   146.2    159.7   1
   104.2    179.8   0
   110.2    179.8   1
   124.2    180.8   1
   124.2    180.8   1
   123.2    176.8   1
   112.2    176.8   1
   112.2    176.8   1
   107.2    172.8   0
   120.2    172.8   1
   124.2    173.8   1
   122.2    173.8   1
   119.2    172.8   1
   112.2    170.8   1
   105.2    169.8   1
   100.2    167.8   0
   110.2    165.8   1
   123.2    164.8   1
   125.2    163.7   1
   119.2    162.8   1
   107.2    162.8   1
   101.2    162.8   1
    94.2    163.8   1
    92.2    165.8   1
    84.2    109.8   0
    84.2    109.8   1
    93.2    124.8   1
    95.2    128.8   1
    95.2    129.8   1
    91.2    116.8   1
    77.2    112.8   1
    76.2    112.8   1
    76.2    117.8   0
    80.2    119.8   1
    84.2    128.8   1
    86.2    140.8   1
    86.2    140.8   1
    83.2    132.8   1
    82.2    127.8   1
    73.2    123.8   1
    73.2    123.8   1
    74.2    121.8   1
    70.2    121.8   1
    68.2    116.8   1
    64.2    116.8   0
    63.2    133.8   1
    68.2    140.8   1
    69.2    141.8   1
    63.2    139.8   1
    63.2    131.8   1
    57.2    122.8   1
    56.2    117.8   1
    58.2    110.8   1
   259.2    120.7   0
   266.2    120.7   1
   273.2    119.7   1
   277.2    107.7   1
   277.2    104.7   1
   280.2     99.7   1
   280.2     92.7   1
   278.2     87.7   1
   278.2     82.7   1
   277.2     81.7   1
   270.2     76.7   1
   263.2     69.7   1
   252.2     66.7   1
   244.2     68.7   1
   237.2     69.7   1
   235.2     70.7   1
   144.2    282.7   0
   145.2    282.7   1
   167.2    280.7   1
   170.2    273.7   1
   171.2    264.7   1
   170.2    249.7   1
   164.2    249.7   1
   154.2    249.7   1
   139.2    248.7   1
   134.2    248.7   1
   127.2    257.7   1
   128.2    266.7   1
   128.2    277.7   1
   135.2    283.7   1
   143.2    283.7   1
    87.2    284.8   0
    93.2    284.8   1
   103.2    283.8   1
   106.2    272.8   1
   106.2    264.8   1
   106.2    256.8   1
   103.2    252.8   1
    96.2    252.8   1
    89.2    251.8   1
    79.2    249.8   1
    69.2    249.8   1
    60.2    258.8   1
    62.2    268.8   1
    71.2    276.8   1
    76.2    283.8   1
    81.2    285.8   1
    86.2    285.8   1
   142.2    271.7   0
   142.2    271.7   1
   142.2    266.7   1
   139.2    266.7   1
   135.2    268.7   1
   136.2    274.7   1
   138.2    275.7   1
   141.2    272.7   1
    93.2    277.8   0
    96.2    278.8   1
   101.2    271.8   1
   101.2    271.8   1
    95.2    271.8   1
    94.2    272.8   1
    93.2    276.8   1
   102.2    245.8   0
   107.2    245.8   1
   113.2    245.8   1
   121.2    245.8   1
   129.2    245.7   1
   132.2    242.7   1
   132.2    237.7   1
   133.2    233.7   1
   127.2    232.7   1
   126.2    229.7   1
   121.2    229.8   1
   117.2    229.8   1
   110.2    229.8   1
   106.2    231.8   1
   102.2    236.8   1
   101.2    242.8   1
   101.2    245.8   1
   115.2    224.8   0
   128.2    224.7   1
   135.2    226.7   1
   140.2    227.7   1
   140.2    217.7   1
   140.2    216.7   1
   134.2    212.7   1
   128.2    208.7   1
   126.2    206.7   1
   116.2    203.8   1
   108.2    203.8   1
   102.2    205.8   1
    93.2    210.8   1
    91.2    215.8   1
    91.2    222.8   1
    92.2    226.8   1
    96.2    226.8   1
    98.2    226.8   1
   104.2    226.8   1
   109.2    226.8   1
   114.2    223.8   1
   128.2    209.7   0
   127.2    210.7   1
   125.2    212.7   1
   119.2    212.8   1
   114.2    212.8   1
   112.2    212.8   1
   111.2    210.8   1
   110.2    207.8   1
   108.2    205.8   1
   111.2    212.8   0
   110.2    213.8   1
   107.2    213.8   1
   104.2    213.8   1
   102.2    213.8   1
    96.2    210.8   1
  -242.8    261.8   0
  -242.8    261.8   1
  -242.8    261.8   1
  -242.8    261.8   1
