   189.1    333.8   0
   186.9    344.1   1
   176.6    362.6   1
   158.1    378.1   1
   141.2    385.4   1
   126.4    385.4   1
   113.2    381.8   1
    99.9    375.1   1
    91.0    366.3   1
    84.4    353.7   1
    78.5    340.5   1
    82.2    333.8   1
   105.1    340.5   1
   123.5    345.6   1
   146.3    344.2   1
   163.3    354.5   1
   169.9    352.3   1
   161.1    350.8   1
   164.8    350.0   1
   168.5    350.8   1
   167.0    349.3   1
   165.5    346.4   1
   161.8    344.9   1
   166.2    344.2   1
   169.9    343.4   1
   174.4    343.4   1
   178.8    341.9   1
   180.3    341.2   1
   173.6    340.5   1
   172.1    339.0   1
   173.6    336.8   1
   179.5    333.1   1
   184.7    330.9   1
   190.6    327.9   1
   194.3    333.8   1
   200.9    340.5   1
   212.0    343.4   1
   220.8    340.5   1
   228.2    333.8   1
   235.5    324.2   1
   237.0    315.4   1
   237.0    304.3   1
   231.9    294.7   1
   226.0    289.6   1
   214.2    279.3   1
   211.9    267.5   1
   207.5    255.7   1
   192.0    237.2   1
   181.0    231.3   1
   161.8    224.7   1
   130.8    224.7   1
   106.5    231.4   1
    84.4    243.2   1
    65.2    254.2   1
    60.8    269.7   1
    43.9    270.4   1
    28.4    283.7   1
    25.4    299.2   1
    24.7    313.9   1
    28.4    326.5   1
    32.1    333.1   1
    43.1    342.0   1
    57.9    346.4   1
    68.2    346.4   1
    79.2    340.5   1
    65.2    322.8   0
    60.8    311.7   1
    56.4    302.1   1
    54.2    290.3   1
    45.3    292.6   1
    38.7    297.7   1
    37.2    308.8   1
    43.1    317.6   1
    51.2    322.8   1
    65.2    322.0   1
   214.2    284.4   0
   209.0    298.4   1
   200.2    314.7   1
   201.6    320.6   1
   211.2    322.0   1
   217.9    308.0   1
   212.0    295.5   1
   179.5    288.1   0
   169.2    283.0   1
   158.1    286.6   1
   156.7    294.8   1
   159.6    305.1   1
   165.5    308.0   1
   172.1    301.4   1
   180.2    290.3   1
   170.7    285.9   0
   166.2    291.1   1
   158.9    289.6   1
   108.7    294.0   0
    87.4    296.2   1
    87.4    303.6   1
    90.3    310.2   1
    96.2    315.4   1
   105.8    311.7   1
   108.7    302.1   1
   108.7    295.5   1
    99.9    296.2   0
    95.5    301.4   1
    88.1    304.3   1
   150.8    241.7   0
   136.7    240.9   1
   119.1    241.7   1
   110.2    249.0   1
   100.6    262.3   1
    98.4    277.1   1
   103.6    287.4   1
   116.8    292.5   1
   141.2    288.1   1
   152.2    280.7   1
   161.8    270.4   1
   164.8    260.1   1
   164.8    253.5   1
   158.9    245.4   1
   150.8    242.4   1
   137.5    240.9   1
   155.2    254.9   0
   136.7    250.5   1
   116.1    257.9   1
   105.8    269.7   1
   119.1    259.4   1
   143.4    254.9   1
   157.4    254.9   1
   133.1    289.6   0
   135.3    284.4   1
   130.9    283.0   1
   125.7    283.7   1
   125.0    289.6   1
   130.1    289.6   1
   192.0    239.5   0
   200.2    231.3   1
   217.1    218.1   1
   220.8    215.1   1
   214.2    216.6   1
   205.3    214.4   1
   197.2    208.5   1
   188.4    203.3   1
   220.1    214.4   0
   227.4    203.3   1
   229.6    189.3   1
   230.4    174.6   1
   226.7    156.9   1
   219.3    142.1   1
   223.0    134.0   1
   223.7    125.2   1
   222.3    117.8   1
   212.7    114.1   1
   213.4    118.5   1
   217.1    125.2   1
   212.7    113.4   0
   196.5    111.2   1
   203.8    123.7   1
   195.0    112.6   0
   185.4    114.1   1
   187.6    119.3   1
   197.9    131.1   1
   201.6    138.4   1
   204.6    157.6   1
   200.1    184.2   1
   189.8    204.8   1
   178.0    224.0   1
   203.1    148.0   0
   186.1    159.1   1
   171.4    164.3   1
   157.4    165.0   1
   136.7    157.6   1
   110.9    154.7   1
    77.0    149.5   1
    60.8    151.7   1
    62.3    142.9   1
    66.7    131.1   1
    68.2    117.1   1
    66.0    109.0   1
    48.3    106.0   1
    45.3    111.9   1
    47.5    125.9   1
  -118.4     12.4   0
    42.4    111.2   0
    34.3    109.0   1
    27.6    109.7   1
    26.1    114.9   1
    29.8    125.9   1
    26.9    111.9   0
    13.6    114.1   1
     9.9    118.6   1
    15.8    128.1   1
    19.5    139.9   1
    20.2    143.6   1
    19.5    160.6   1
    23.2    183.4   1
    29.1    201.1   1
    35.7    215.9   1
    45.3    227.7   1
    57.9    238.0   1
    71.9    249.8   1
    67.4    253.5   0
    53.4    247.6   1
    38.7    246.1   1
    21.0    250.5   1
    26.9    260.1   1
    40.9    272.6   1
    60.1    155.4   0
    64.5    178.3   1
    68.9    197.4   1
    63.7    187.1   0
    43.1    198.9   1
    29.1    204.1   1
   163.3    163.5   0
   147.8    131.8   1
   133.0    108.2   1
   121.3    125.9   1
   104.3    154.7   1
   126.4    142.9   0
   136.0    138.5   1
   133.0    130.3   1
   124.2    132.6   1
   127.2    142.9   1
   186.9    111.9   0
   174.3    100.8   1
   161.1     95.0   1
   155.9     79.5   1
   152.9     65.5   1
   150.0     58.8   1
   178.8     58.8   1
   188.3     58.8   1
   197.9     55.9   1
   205.3     52.2   1
   211.9     49.2   1
   214.1     45.5   1
   193.5     41.9   1
   158.8     41.9   1
   136.7     42.6   1
   135.3     41.9   1
   133.8     84.6   1
   133.8     42.6   0
    99.9     40.4   1
    40.1     40.4   1
    32.8     41.9   1
    37.2     47.8   1
    55.6     55.9   1
    71.8     59.6   1
    84.4     59.6   1
   105.8     58.8   1
    95.4     72.8   1
    83.6     87.6   1
    68.9    102.3   1
    65.2    109.7   1
   146.3    242.4   0
   139.7    241.7   1
    62.3    257.9   0
    49.0    254.2   1
    39.4    253.5   1
    33.5    253.5   1
    38.0    258.6   1
    49.0    269.7   1
    63.0     50.7   0
    37.9     44.1   1
    37.9     44.1   0
   213.4     45.5   0
   191.3     51.4   1
   186.1     51.4   1
   164.8    198.2   0
   141.9    204.8   1
   120.5    197.4   1
  -165.5    361.1   0
  -165.5    361.1   1
