    27.4    202.0   0
    42.4    211.9   1
    42.4    226.9   1
    52.3    236.8   1
    72.2    241.8   1
   117.0    187.0   1
   166.8    182.1   1
   326.0    102.4   1
   321.1     77.6   1
   266.3     82.5   1
   241.4    102.4   1
   201.6    102.4   1
   171.8     92.5   1
   161.8     42.7   1
   127.0     42.7   1
   151.9     52.7   1
   151.9     67.6   1
   117.0     67.6   1
   146.9     77.6   1
   146.9     92.5   1
   117.0    102.4   1
    87.2    112.4   1
    77.2    127.3   1
    52.3    202.0   1
    27.4    202.0   1
   127.0    152.2   0
   141.9    127.3   1
   171.8    112.4   1
   201.6    112.4   1
   127.0    152.2   0
    52.3    214.4   0
    59.8    219.4   1
    57.3    214.4   1
    52.3    214.4   1
