   361.3    325.9   0
   357.9    338.0   1
   349.2    348.4   1
   342.3    351.8   1
   323.3    351.8   1
   311.2    353.5   1
   292.2    350.1   1
   290.5    336.3   1
   276.7    319.0   1
   240.4    294.8   1
   207.5    263.7   1
   290.5    282.7   0
   242.1    279.2   1
   224.8    277.5   1
   133.2    237.8   1
   107.3    215.3   1
   121.1    213.6   1
   129.8    206.7   1
   140.1    206.7   1
   152.2    201.5   1
   167.8    201.5   1
   193.7    204.9   1
   219.6    223.9   1
   280.1    253.3   1
   293.9    267.1   1
   300.8    282.7   1
   293.9    284.4   1
   276.7    317.3   0
   268.0    324.2   1
   269.7    341.5   1
   274.9    358.7   1
   274.9    369.1   1
   266.3    388.1   1
   259.4    393.3   1
   254.2    401.9   1
   247.3    407.1   1
   238.6    412.3   1
   212.7    427.9   1
   192.0    433.0   1
   178.2    434.8   1
   174.7    434.8   1
   171.2    431.3   1
   174.7    427.9   1
   178.2    424.4   1
   171.2    424.4   1
   171.2    417.5   1
   171.2    415.8   1
   174.7    415.8   1
   171.2    415.8   1
   171.2    407.1   1
   174.7    405.4   1
   169.5    403.7   1
   171.2    395.0   1
   176.4    393.3   1
   174.7    388.1   1
   190.3    386.4   1
   185.1    379.5   1
   192.0    370.8   1
   188.5    365.6   1
   198.9    358.7   1
   193.7    355.3   1
   193.7    350.1   1
   193.7    344.9   1
   198.9    338.0   1
   198.9    331.1   1
   185.1    320.7   1
   198.9    313.8   1
   198.9    308.6   1
   200.6    306.9   1
   197.2    296.5   1
   197.2    293.1   1
   198.9    289.6   1
   198.9    284.4   1
   204.1    281.0   1
   240.4    389.8   0
   200.6    415.8   1
   230.0    382.9   0
   226.5    372.6   0
   193.7    386.4   1
   228.3    367.4   0
   188.5    381.2   1
   228.3    355.3   0
   192.0    367.4   1
   224.8    344.9   0
   214.4    338.0   0
   217.9    329.4   0
   209.3    324.2   0
   219.6    317.3   0
   219.6    315.5   0
   219.6    308.6   0
   217.9    303.4   0
   216.2    293.1   0
   219.6    287.9   0
   363.1    324.2   0
   359.6    324.2   1
   364.8    322.4   0
   373.4    320.7   1
   375.1    312.1   1
   361.3    315.5   1
   370.0    310.3   1
   354.4    310.3   1
   356.1    310.3   0
   345.8    296.5   1
   342.3    279.2   1
   335.4    260.2   1
   337.1    258.5   0
   328.5    234.3   1
   306.0    203.2   1
   271.5    180.7   1
   247.3    172.1   1
   249.0    160.0   1
   255.9    144.5   1
   264.6    135.8   1
   269.7    130.6   1
   235.2    170.4   0
   245.5    146.2   1
   252.5    135.8   1
   249.0    127.2   1
   233.5    170.4   0
   205.8    173.8   1
   188.5    179.0   1
   224.8    172.1   0
   240.4    142.7   1
   250.7    134.1   1
   219.6    168.7   0
   233.5    141.0   1
   226.5    127.2   1
   164.3    180.7   0
   159.1    177.3   1
   155.7    160.0   1
   152.2    130.6   1
   109.0    213.6   0
   140.1    163.5   0
   145.3    135.8   1
   136.7    177.3   0
   128.0    173.8   0
   122.9    179.0   0
   117.7    192.8   0
   112.5    201.5   0
   109.0    208.4   0
   347.5    324.2   0
   338.9    324.2   1
   349.2    325.9   0
   345.8    331.1   1
   338.9    331.1   1
   330.2    329.4   1
   338.9    324.2   1
   338.9    325.9   0
   338.9    329.4   1
   344.0    329.4   1
   344.0    327.6   0
   297.4    277.5   0
   249.0    272.3   1
   216.2    267.1   1
   193.7    255.1   1
   131.5    229.1   1
   117.7    213.6   0
   107.3    201.5   1
   138.4    206.7   1
   133.2    206.7   0
   164.3    223.9   1
   152.2    208.4   0
   169.5    203.2   0
   233.5    281.0   0
   264.6    294.8   1
   281.8    294.8   1
   295.7    289.6   1
   302.6    286.2   1
   292.2    287.9   0
   268.0    289.6   1
   254.2    284.4   1
   235.2    270.6   1
   281.8    274.1   0
   273.2    258.5   1
   257.6    251.6   1
   209.3    249.9   0
   240.4    241.2   0
   197.2    215.3   1
   264.6    128.9   0
   335.4     85.7   1
   331.9     82.3   1
   259.4    123.7   1
   257.6    127.2   1
   259.4    132.4   1
   268.0    128.9   1
   252.5    127.2   0
   255.9    122.0   1
   245.5    128.9   0
   238.6    132.4   1
   245.5    135.8   1
   236.9    128.9   1
   228.3    139.3   0
   224.8    151.4   0
   167.8    168.7   1
   110.8    248.1   0
   135.0    322.4   1
   110.8    263.7   0
   183.3    141.0   0
   202.3    116.8   1
   193.7     96.1   1
   178.2     92.6   1
   135.0     99.5   1
   126.3    108.2   1
