   143.3    301.7   0
   136.1    308.9   1
   130.3    314.6   1
   126.0    319.0   1
   114.5    324.7   1
    97.2    330.5   1
    79.9    330.5   1
    67.0    327.6   1
    59.8    324.7   1
    48.3    314.6   1
    29.5    310.3   1
    23.8    306.0   1
    22.3    303.1   1
    33.9    301.7   1
    49.7    297.4   1
    54.0    301.7   1
    55.5    304.6   1
    55.5    306.0   1
    51.1    313.2   1
    46.8    310.3   0
    45.4    310.3   1
    52.6    303.1   0
    42.5    304.6   1
    29.5    306.0   1
    49.7    297.4   0
    58.3    288.7   1
    62.7    277.2   1
    67.0    264.2   1
    71.3    245.5   1
    77.1    229.7   1
    88.6    215.3   1
   103.0    202.3   1
   120.3    192.2   1
   139.0    186.5   1
   166.3    180.7   1
   189.4    180.7   1
   212.4    180.7   1
   231.1    187.9   1
   232.6    190.8   1
   143.3    300.2   0
   163.5    293.0   1
   185.1    287.3   1
   205.2    278.6   1
   223.9    268.6   1
   236.9    259.9   1
   248.4    255.6   1
   261.4    251.3   1
   278.7    247.0   1
   288.7    248.4   1
   303.1    251.3   1
   327.6    262.8   1
   353.5    271.4   1
   386.7    283.0   1
   399.6    281.5   1
   401.1    275.8   1
   391.0    272.9   1
   353.5    259.9   1
   398.2    272.9   0
   403.9    265.7   1
   401.1    261.4   1
   398.2    258.5   1
   383.8    252.7   1
   357.9    244.1   1
   311.8    228.2   1
   297.4    223.9   1
   288.7    221.0   1
   300.3    222.5   0
   291.6    213.8   1
   107.3    270.0   0
   101.5    265.7   1
   100.1    259.9   1
   103.0    251.3   1
   111.6    239.8   1
   123.1    229.7   1
   134.7    223.9   1
   151.9    215.3   1
   169.2    208.1   1
   215.3    195.1   1
   254.2    187.9   1
   297.4    180.7   1
   320.4    180.7   1
   323.3    182.2   1
   324.7    185.0   1
   311.8    193.7   1
   287.3    209.5   1
   264.3    228.2   1
   247.0    244.1   1
   218.2    261.4   1
   298.8    225.4   0
   293.1    215.3   1
   291.6    248.4   0
   285.9    239.8   1
   275.8    236.9   1
   291.6    242.6   0
   301.7    241.2   1
   307.5    241.2   1
   307.5    245.5   1
   307.5    249.8   1
   307.5    241.2   0
   308.9    236.9   1
   303.1    232.6   1
   295.9    232.6   1
   288.7    235.4   1
   300.3    234.0   0
   298.8    229.7   1
   294.5    226.8   1
   284.4    226.8   1
   272.9    231.1   1
   136.1    293.0   0
   118.8    294.5   1
   108.7    306.0   1
   100.1    316.1   1
    85.7    321.8   1
    69.9    324.7   1
    72.7    330.5   0
    88.6    327.6   1
   100.1    323.3   1
   113.1    317.5   1
   121.7    310.3   1
   130.3    300.2   1
   140.4    291.6   1
    64.1    314.6   0
    64.1    317.5   1
    64.1    319.0   1
    67.0    321.8   1
    69.9    321.8   1
    74.2    323.3   1
    65.5    314.6   0
    64.1    313.2   1
    65.5    310.3   1
    71.3    310.3   1
    75.6    313.2   1
    78.5    314.6   1
    81.4    317.5   1
    79.9    320.4   1
   209.5    180.7   0
   205.2    173.5   1
   196.6    160.6   1
   190.8    150.5   1
   182.2    143.3   1
   167.8    130.3   1
   216.7    179.3   0
   208.1    169.2   1
   205.2    160.6   1
   198.0    150.5   1
   198.0    147.6   0
   206.7    141.8   1
   215.3    136.1   1
   219.6    130.3   1
   216.7    121.7   1
   206.7    117.4   0
   209.5    121.7   1
   211.0    124.6   1
   211.0    127.4   1
   211.0    130.3   1
   206.7    134.6   1
   199.5    137.5   1
   195.1    137.5   1
   192.3    139.0   1
   186.5    139.0   1
   183.6    139.0   1
   187.9    179.3   0
   189.4    172.1   1
   190.8    167.8   1
   182.2    157.7   1
   159.1    133.2   1
   151.9    121.7   1
   159.1    111.6   1
   162.0    101.5   1
   156.3     91.4   1
   153.4     91.4   1
   151.9     91.4   1
   144.7    115.9   0
   153.4    105.8   1
   153.4    100.1   1
   176.4    134.6   0
   175.0    179.3   0
   177.9    167.8   1
   175.0    160.6   1
   143.3    124.6   1
   128.9    114.5   1
   134.7    111.6   0
   105.9     92.9   1
   205.2    117.4   0
   172.1    101.5   1
   147.6     90.0   0
   203.8    146.2   0
   232.6    159.1   1
   219.6    124.6   0
   216.7    180.7   0
    72.7    323.3   0
    77.1    320.4   1
    78.5    317.5   1
    68.4    314.6   0
    67.0    317.5   1
    68.4    319.0   1
    72.7    320.4   1
    74.2    319.0   1
    74.2    317.5   1
    72.7    316.1   1
    68.4    314.6   1
    75.6    323.3   0
    74.2    324.7   0
    77.1    320.4   0
    77.1    316.1   1
    77.1    313.2   1
   143.3    115.9   0
   156.3     92.9   0
   149.1     90.0   1
   151.9     94.3   0
   216.7    130.3   0
   212.4    130.3   1
   212.4    136.1   1
   208.1    140.4   0
   202.3    143.3   0
   198.0    146.2   0
   195.1    149.0   0
   199.5    153.4   0
   202.3    157.7   0
   205.2    162.0   0
   206.7    166.3   0
   200.9    166.3   1
   208.1    170.6   1
   159.1     98.6   0
   154.8     98.6   1
   160.6    104.4   0
   160.6    110.2   0
   153.4    117.4   0
   151.9    121.7   0
   139.0    117.4   0
   144.7    120.2   0
   151.9    124.6   0
   154.8    130.3   0
   157.7    133.2   0
   162.0    137.5   0
   169.2    144.7   0
   173.5    153.4   0
   179.3    160.6   0
    72.7    320.4   0
   294.5    216.7   0
   121.7    251.3   0
   127.5    244.1   1
   131.8    244.1   1
   137.5    244.1   1
   139.0    247.0   1
   146.2    249.8   0
   149.1    249.8   1
   150.5    254.2   1
   153.4    255.6   1
   147.6    255.6   0
   151.9    254.2   1
   156.3    254.2   1
   162.0    257.0   1
   159.1    257.0   0
   163.5    255.6   1
   166.3    255.6   1
   169.2    255.6   1
   164.9    255.6   0
   167.8    251.3   1
   177.9    251.3   1
   182.2    254.2   1
   215.3    259.9   0
   212.4    257.0   1
   209.5    257.0   1
   206.7    257.0   1
   206.7    257.0   0
   206.7    254.2   1
   205.2    252.7   1
   202.3    252.7   1
   199.5    252.7   1
   200.9    251.3   0
   200.9    249.8   1
   199.5    248.4   1
   198.0    248.4   1
   196.6    248.4   1
   196.6    245.5   0
   195.1    242.6   1
   189.4    242.6   1
   190.8    239.8   0
   186.5    238.3   1
   183.6    238.3   1
   183.6    235.4   1
   183.6    232.6   1
   180.7    232.6   1
   154.8    215.3   0
   159.1    215.3   1
   159.1    218.2   1
   159.1    219.6   0
   162.0    218.2   1
   163.5    219.6   1
   166.3    222.5   0
   169.2    222.5   1
   169.2    222.5   1
   169.2    225.4   1
   169.2    226.8   1
   172.1    223.9   1
   173.5    226.8   1
   173.5    228.2   1
   175.0    229.7   1
   179.3    229.7   1
   180.7    231.1   1
   180.7    234.0   1
   203.8    248.4   0
   218.2    242.6   1
   228.3    241.2   1
   235.5    239.8   1
   241.2    238.3   1
   249.9    238.3   1
   199.5    245.5   0
   221.1    238.3   1
   231.1    238.3   1
   248.4    232.6   1
   254.2    235.4   1
   255.6    235.4   1
   193.7    241.2   0
   216.7    234.0   1
   241.2    228.2   1
   249.9    228.2   1
   190.8    236.9   0
   251.3    221.0   1
   262.8    221.0   1
   267.1    223.9   1
   186.5    232.6   0
   258.5    212.4   1
   270.0    212.4   1
   274.3    216.7   1
   180.7    229.7   0
   265.7    205.2   1
   271.5    205.2   1
   275.8    205.2   1
   280.1    205.2   1
   287.3    209.5   1
   176.4    225.4   0
   265.7    200.9   1
   274.3    200.9   1
   281.5    199.4   1
   285.9    199.4   1
   291.6    202.3   1
   293.1    206.6   1
   170.7    222.5   0
   284.4    190.8   1
   301.7    190.8   1
   301.7    192.2   1
   301.7    192.2   1
   303.1    196.6   1
   166.3    218.2   0
   288.7    185.0   1
   297.4    185.0   1
   307.5    185.0   1
   311.8    187.9   1
   311.8    192.2   1
   298.8    222.5   0
   406.8    254.2   1
   406.8    257.0   1
   406.8    258.5   1
   401.1    259.9   1
    69.9    308.9   0
    64.1    310.3   0
   114.5     68.4   0
    97.2     85.7   0
    91.5     75.6   1
    94.3     69.8   1
    95.8     59.8   1
    95.8     54.0   1
    95.8     51.1   1
    91.5     51.1   1
    91.5     58.3   1
    90.0     62.6   1
    90.0     67.0   1
