    31.0    327.0   0
    44.0    332.0   1
    59.0    335.0   1
    60.0    336.0   1
    65.0    342.0   1
    70.0    350.0   1
    84.0    358.0   1
   104.0    361.0   1
   116.0    361.0   1
   128.0    353.0   1
   133.0    341.0   1
   135.0    324.0   1
   138.0    313.0   1
   145.0    304.0   1
   154.0    300.0   1
   184.0    285.0   1
   214.0    259.0   1
   231.0    238.0   1
   245.0    215.0   1
   262.0    194.0   1
   286.0    178.0   1
   305.0    163.0   1
   333.0    148.0   1
   351.0    139.0   1
   353.0    133.0   1
   353.0    127.0   1
   348.0    125.0   1
   342.0    121.0   1
   317.0    133.0   1
   293.0    142.0   1
   255.0    159.0   1
   250.0    161.0   1
    32.0    326.0   0
    53.0    323.0   1
    71.0    322.0   1
    70.0    326.0   1
    60.0    327.0   1
    57.0    328.0   1
    60.0    334.0   1
    62.0    337.0   1
    43.0    324.0   0
    59.0    319.0   1
    69.0    316.0   1
    72.0    316.0   1
    55.0    319.0   0
    65.0    308.0   1
    68.0    303.0   1
    72.0    296.0   1
    74.0    285.0   1
    72.0    278.0   1
    68.0    268.0   1
    65.0    256.0   1
    65.0    241.0   1
    66.0    229.0   1
    73.0    209.0   1
    84.0    193.0   1
   103.0    176.0   1
   125.0    167.0   1
   152.0    157.0   1
   171.0    154.0   1
   179.0    146.0   1
   179.0    135.0   1
   179.0    131.0   1
   190.0    130.0   1
   193.0    133.0   1
   195.0    145.0   1
   198.0    148.0   1
   200.0    149.0   1
   207.0    149.0   1
   217.0    153.0   1
   227.0    159.0   1
   232.0    161.0   1
   239.0    162.0   1
   247.0    162.0   1
   253.0    162.0   1
   179.0    130.0   0
   172.0    116.0   1
   162.0    103.0   1
   154.0     93.0   1
   146.0     85.0   1
   141.0     81.0   1
   127.0     79.0   1
   115.0     78.0   1
   108.0     78.0   1
   102.0     77.0   1
    98.0     72.0   1
    97.0     69.0   1
    97.0     66.0   1
    97.0     60.0   1
    98.0     63.0   1
    98.0     67.0   1
   101.0     70.0   1
   103.0     71.0   1
   107.0     74.0   1
   116.0     74.0   1
   120.0     74.0   1
   126.0     74.0   1
   128.0     74.0   1
   129.0     74.0   1
   188.0    129.0   0
   175.0    111.0   1
   162.0     92.0   1
   153.0     82.0   1
   151.0     79.0   1
   151.0     79.0   1
   150.0     77.0   1
   155.0     76.0   1
   163.0     76.0   1
   175.0     74.0   1
   181.0     71.0   1
   181.0     61.0   1
   180.0     58.0   1
   180.0     61.0   1
   179.0     65.0   1
   175.0     66.0   1
   169.0     70.0   1
   164.0     71.0   1
   161.0     72.0   1
   158.0     72.0   1
   157.0     72.0   1
   150.0     72.0   1
   149.0     72.0   1
   140.0     67.0   1
   136.0     59.0   1
   131.0     55.0   1
   131.0     53.0   1
   130.0     73.0   0
   119.0     70.0   1
   113.0     69.0   1
   108.0     66.0   1
   103.0     63.0   1
    94.0     60.0   1
    92.0     54.0   1
    95.0     55.0   1
    95.0     56.0   1
    99.0     59.0   1
   106.0     59.0   1
   111.0     60.0   1
   110.0     62.0   1
   119.0     67.0   1
   122.0     68.0   1
   127.0     69.0   1
   128.0     69.0   1
   131.0     70.0   1
   134.0     70.0   1
   124.0     64.0   1
   134.0     70.0   0
   128.0     61.0   1
   124.0     57.0   1
   124.0     52.0   1
   125.0    134.0   0
   125.0    127.0   1
   126.0    124.0   1
   126.0    130.0   1
   127.0    134.0   1
   129.0    136.0   1
   170.0    153.0   0
   172.0    152.0   1
   157.0    144.0   1
   145.0    142.0   1
   130.0    138.0   1
   120.0    138.0   1
   117.0    136.0   1
   109.0    137.0   1
   101.0    137.0   1
    89.0    138.0   1
    83.0    135.0   1
    82.0    130.0   1
    80.0    124.0   1
    83.0    130.0   1
    88.0    133.0   1
    95.0    133.0   1
   100.0    134.0   1
   105.0    134.0   1
   109.0    133.0   1
   101.0    129.0   1
    91.0    128.0   1
    86.0    126.0   1
    79.0    120.0   1
    79.0    112.0   1
    79.0    110.0   1
    81.0    110.0   1
    81.0    112.0   1
    84.0    119.0   1
    91.0    119.0   1
    86.0    121.0   1
    96.0    123.0   1
   104.0    124.0   1
   111.0    128.0   1
   115.0    128.0   1
   103.0    122.0   1
    97.0    116.0   1
    93.0    112.0   1
    88.0    107.0   1
    86.0    105.0   1
    86.0     97.0   1
    89.0     99.0   1
    89.0    100.0   1
    90.0    104.0   1
    94.0    109.0   1
   105.0    118.0   1
   111.0    122.0   1
   115.0    122.0   1
   118.0    122.0   1
   124.0    122.0   1
   128.0    117.0   1
   127.0    111.0   1
   132.0    111.0   1
   127.0    112.0   1
   125.0    105.0   1
   129.0    107.0   1
   129.0    110.0   1
   130.0    115.0   1
   130.0    116.0   1
   130.0    117.0   1
   128.0    121.0   1
   126.0    123.0   1
   125.0    123.0   1
   177.0    144.0   0
   157.0    137.0   1
   135.0    130.0   1
   129.0    130.0   1
   126.0    128.0   1
   123.0    126.0   1
   128.0    125.0   1
   131.0    121.0   1
   131.0    116.0   1
   131.0    110.0   1
   126.0    102.0   1
   123.0    100.0   1
   125.0    107.0   1
   126.0    109.0   1
    91.0    341.0   0
    87.0    339.0   1
    85.0    334.0   1
    87.0    328.0   1
    92.0    327.0   1
    95.0    327.0   1
    98.0    329.0   1
    99.0    332.0   1
    99.0    336.0   1
    97.0    338.0   1
    96.0    340.0   1
    93.0    340.0   1
    93.0    340.0   1
    91.0    340.0   1
    90.0    336.0   0
    89.0    332.0   1
    92.0    331.0   1
    95.0    331.0   1
    95.0    337.0   1
    90.0    337.0   1
    90.0    337.0   1
   109.0    278.0   0
   107.0    265.0   1
   111.0    237.0   1
   133.0    210.0   1
   189.0    186.0   1
   225.0    185.0   1
   227.0    186.0   1
   241.0    190.0   1
   239.0    201.0   1
   233.0    206.0   1
   221.0    213.0   1
   217.0    219.0   1
   124.0    257.0   0
   134.0    233.0   1
   156.0    213.0   1
   200.0    198.0   1
   231.0    189.0   1
   241.0    192.0   1
   122.0    273.0   0
   125.0    260.0   1
   126.0    255.0   1
   143.0    260.0   0
   157.0    231.0   1
   205.0    207.0   1
   221.0    204.0   1
   235.0    203.0   1
    99.0    275.0   0
    96.0    242.0   1
   105.0    219.0   1
   136.0    194.0   1
   183.0    173.0   1
   228.0    169.0   1
   244.0    175.0   1
   262.0    185.0   1
   262.0    193.0   1
   255.0    199.0   1
   249.0    202.0   1
   237.0    204.0   1
   237.0    190.0   0
   256.0    190.0   1
   260.0    194.0   1
