    93.0    132.0   0
    98.0    127.0   1
   106.0    123.0   1
   119.0    121.0   1
   147.0    121.0   1
   162.0    122.0   1
   175.0    126.0   1
   184.0    126.0   1
   190.0    122.0   1
   194.0    122.0   1
   204.0    121.0   1
   217.0    123.0   1
   228.0    126.0   1
   235.0    134.0   1
   239.0    150.0   1
   239.0    161.0   1
   234.0    170.0   1
   236.0    136.0   0
   243.0    146.0   1
   249.0    152.0   1
   261.0    154.0   1
   271.0    161.0   1
   276.0    170.0   1
   280.0    182.0   1
   280.0    199.0   1
   276.0    211.0   1
   265.0    226.0   1
   256.0    229.0   1
   245.0    230.0   1
   240.0    230.0   1
   232.0    244.0   1
   224.0    253.0   1
   215.0    258.0   1
   246.0    259.0   1
   267.0    255.0   1
   288.0    250.0   1
   292.0    247.0   1
   292.0    244.0   1
   287.0    241.0   1
   277.0    237.0   1
   265.0    232.0   1
   257.0    229.0   1
   293.0    245.0   0
   296.0    250.0   1
   295.0    254.0   1
   276.0    260.0   1
   249.0    267.0   1
   219.0    266.0   1
   191.0    263.0   1
   149.0    252.0   1
   107.0    236.0   1
    85.0    223.0   1
    58.0    203.0   1
    50.0    194.0   1
    49.0    189.0   1
    51.0    188.0   1
    55.0    187.0   1
    58.0    187.0   1
    56.0    190.0   1
    54.0    193.0   1
    56.0    191.0   1
    63.0    199.0   1
    82.0    213.0   1
   106.0    229.0   1
   139.0    242.0   1
   175.0    254.0   1
   194.0    258.0   1
   211.0    260.0   1
   221.0    259.0   1
   237.0    235.0   0
   243.0    244.0   1
   245.0    250.0   1
   244.0    256.0   1
   244.0    258.0   1
    94.0    131.0   0
    89.0    149.0   1
    89.0    162.0   1
    91.0    180.0   1
    95.0    192.0   1
    99.0    202.0   1
    87.0    207.0   1
    77.0    209.0   1
    56.0    187.0   0
    82.0    188.0   1
    93.0    190.0   1
   100.0    201.0   0
   106.0    212.0   1
   107.0    220.0   1
   107.0    228.0   1
   107.0    230.0   1
   120.0    185.0   0
   125.0    190.0   1
   161.0    250.0   0
   165.0    248.0   1
   169.0    242.0   1
   174.0    230.0   1
   176.0    223.0   1
   161.0    218.0   1
   153.0    216.0   1
   150.0    214.0   1
   138.0    216.0   1
   130.0    212.0   1
   121.0    209.0   1
   109.0    201.0   1
    97.0    188.0   1
    91.0    179.0   1
   128.0    238.0   0
   115.0    226.0   1
   125.0    229.0   1
   128.0    228.0   1
   129.0    225.0   1
   125.0    221.0   1
   120.0    216.0   1
   113.0    207.0   1
   111.0    205.0   1
   153.0    215.0   0
   168.0    222.0   0
   165.0    227.0   1
   163.0    230.0   1
   160.0    232.0   1
   157.0    232.0   1
   155.0    230.0   1
   153.0    226.0   1
   151.0    218.0   1
   151.0    215.0   1
   162.0    219.0   0
   160.0    224.0   1
   159.0    226.0   1
   157.0    225.0   1
   156.0    223.0   1
   155.0    221.0   1
   155.0    219.0   1
   155.0    219.0   0
   155.0    217.0   1
   182.0    226.0   0
   192.0    229.0   1
   200.0    229.0   1
   196.0    229.0   0
   195.0    259.0   0
   194.0    250.0   1
   195.0    241.0   1
   197.0    229.0   1
   205.0    259.0   0
   211.0    256.0   1
   218.0    247.0   1
   222.0    238.0   1
   228.0    236.0   1
   232.0    232.0   1
   221.0    233.0   1
   214.0    231.0   1
   202.0    230.0   1
   197.0    229.0   1
   203.0    230.0   0
   202.0    237.0   1
   202.0    241.0   1
   204.0    244.0   1
   208.0    244.0   1
   213.0    239.0   1
   216.0    232.0   1
   203.0    237.0   0
   205.0    238.0   1
   208.0    233.0   1
   209.0    230.0   1
   172.0    214.0   0
   183.0    219.0   1
   200.0    222.0   1
   210.0    222.0   1
   214.0    221.0   1
   215.0    218.0   1
   213.0    209.0   1
   207.0    199.0   1
   205.0    194.0   1
   200.0    194.0   1
   197.0    196.0   1
   191.0    198.0   1
   181.0    203.0   1
   177.0    206.0   1
   172.0    208.0   1
   170.0    210.0   1
   169.0    212.0   1
   171.0    214.0   1
   175.0    215.0   1
   207.0    190.0   0
   210.0    187.0   1
   212.0    181.0   1
   125.0    173.0   0
   131.0    176.0   1
   140.0    176.0   1
   146.0    174.0   1
   150.0    174.0   1
   156.0    176.0   1
   162.0    182.0   1
   144.0    175.0   0
   150.0    171.0   1
   151.0    169.0   1
   152.0    167.0   1
   153.0    161.0   1
   155.0    156.0   1
   159.0    155.0   1
   168.0    156.0   1
   181.0    164.0   1
   190.0    168.0   1
   202.0    175.0   1
   216.0    178.0   1
   223.0    179.0   1
   234.0    180.0   1
   244.0    182.0   1
   250.0    187.0   1
   251.0    193.0   1
   250.0    201.0   1
   250.0    211.0   1
   253.0    215.0   1
   258.0    217.0   1
   261.0    218.0   1
   226.0    171.0   0
   234.0    171.0   1
   237.0    167.0   1
    49.0    190.0   0
    50.0    198.0   1
    96.0    261.0   1
   129.0    302.0   1
   134.0    308.0   1
   141.0    313.0   1
   147.0    315.0   1
   157.0    316.0   1
   175.0    313.0   1
   292.0    257.0   1
    98.0    263.0   0
   119.0    274.0   1
   142.0    284.0   1
   169.0    295.0   1
   176.0    296.0   1
   188.0    296.0   1
   211.0    294.0   1
   212.0    294.0   1
   130.0    303.0   0
   124.0    279.0   1
   143.0    312.0   0
   154.0    293.0   1
   165.0    314.0   0
   188.0    297.0   1
   113.0    271.0   0
    97.0    233.0   1
   155.0    288.0   0
   168.0    260.0   1
   196.0    294.0   0
   233.0    269.0   1
    95.0    229.0   0
    97.0    224.0   1
   169.0    257.0   0
   170.0    253.0   1
   235.0    266.0   0
   236.0    260.0   1
    94.0    131.0   0
    86.0    122.0   1
    84.0    114.0   1
    60.0     95.0   1
    51.0     86.0   0
    37.0     64.0   1
    27.0     44.0   1
   272.0    162.0   0
   277.0    160.0   1
   286.0    159.0   1
   293.0    160.0   1
   301.0    158.0   1
   318.0    156.0   1
   343.0    142.0   1
   363.0    118.0   1
   371.0     96.0   1
   376.0     81.0   1
   112.0    121.0   0
   162.0     97.0   1
   200.0     85.0   1
   219.0     80.0   1
   227.0     78.0   1
   232.0     78.0   1
   240.0     85.0   1
   257.0    105.0   1
   265.0    130.0   1
   266.0    143.0   1
   267.0    159.0   1
   196.0     63.0   0
   216.0     61.0   1
   243.0     64.0   1
   256.0     71.0   1
   268.0     79.0   1
   271.0     86.0   1
   196.0     68.0   0
   195.0     60.0   1
   267.0     88.0   0
   275.0     84.0   1
   230.0     78.0   0
   235.0     70.0   1
    85.0    114.0   0
   104.0     94.0   1
   129.0     81.0   1
   164.0     69.0   1
   174.0     65.0   1
    58.0     92.0   0
    80.0     84.0   1
    97.0     77.0   1
   113.0     63.0   1
   123.0     51.0   1
   124.0     47.0   1
   286.0    158.0   0
   287.0    134.0   1
   286.0    119.0   1
   279.0    100.0   1
   278.0     91.0   1
   327.0    148.0   0
   321.0    143.0   1
   315.0    123.0   1
   312.0     97.0   1
   313.0     80.0   1
   118.0    280.0   0
   120.0    279.0   1
   119.0    277.0   1
   117.0    277.0   1
   116.0    280.0   1
   118.0    281.0   1
   146.0    292.0   0
   148.0    290.0   1
   150.0    293.0   1
   147.0    296.0   1
   146.0    292.0   0
   185.0    302.0   0
   188.0    300.0   1
   190.0    301.0   1
   189.0    303.0   1
   186.0    302.0   1
