    46.8    198.8   0
    73.1    203.3   1
   103.8    207.8   1
   120.4    208.4   1
   131.3    206.5   1
   151.8    205.8   1
   165.2    206.5   1
   183.2    211.0   1
   194.7    218.6   1
   204.3    228.2   1
   213.2    241.7   1
   221.6    250.0   1
   235.0    259.0   1
   205.6    230.8   0
   229.2    238.5   1
   254.2    250.0   1
   263.8    259.0   1
   266.4    265.4   1
   265.1    276.9   1
   260.0    282.0   1
   252.9    285.8   1
   240.1    285.2   1
   220.9    278.8   1
   204.3    267.9   1
   186.4    246.8   1
   203.0    267.9   0
   186.4    259.0   1
   171.0    253.8   1
   147.3    251.3   1
   135.8    253.2   1
   120.4    251.9   1
   110.2    249.4   1
   121.1    252.6   0
   112.1    258.3   1
   103.8    260.2   1
    98.0    259.0   1
    70.5    294.2   1
    51.3    317.2   1
    41.7    323.6   1
    33.4    324.9   1
    45.6    328.7   1
    54.5    328.1   1
    50.7    332.6   1
    44.3    335.1   1
    36.0    333.2   1
    30.2    328.7   1
    41.7    341.5   1
    50.0    344.7   1
    57.7    346.0   1
    47.5    347.9   1
    36.0    344.1   1
    25.7    335.1   1
    23.8    328.7   1
    25.1    345.4   1
    29.6    353.7   1
    21.2    344.7   1
    17.4    336.4   1
    15.5    328.1   1
    16.8    323.0   1
    12.9    308.9   1
    11.6    281.4   1
    14.2    258.3   1
    21.2    231.4   1
    46.2    198.2   0
    32.1    196.9   1
    23.2    201.4   1
    20.0    206.5   1
    18.0    216.1   1
    20.0    227.0   1
    26.4    237.2   1
    35.3    245.5   1
    50.0    251.9   1
    59.6    253.2   1
    73.1    251.9   1
    79.5    253.2   1
    82.7    256.4   1
    82.7    256.4   0
    60.9    274.3   1
    45.6    284.6   1
    28.3    292.2   1
    46.2    250.6   0
    43.6    267.3   1
    45.6    278.8   1
    48.1    282.6   1
    45.6    257.7   0
    80.1    258.3   1
    74.4    257.7   0
    73.1    255.8   1
    74.4    252.6   1
    82.0    256.4   0
    86.5    254.5   1
    91.0    254.5   1
    91.6    257.0   1
    87.2    261.5   1
    82.7    268.6   1
    77.6    270.5   1
    63.5    301.8   0
    62.2    298.0   1
    64.1    289.7   1
    68.6    282.0   1
    75.0    274.3   1
    82.0    269.2   1
    85.9    264.1   0
    90.4    268.6   1
    92.3    257.0   0
    96.8    257.7   1
    91.6    266.0   0
    91.0    262.8   1
    92.9    258.3   1
    23.8    293.5   0
    32.1    298.0   1
    42.4    297.4   1
    50.7    292.2   1
    53.9    289.0   1
    30.2    303.1   0
    38.5    304.4   1
    44.3    303.1   1
    46.8    301.2   1
    53.2    314.0   0
    50.7    310.8   1
    51.3    304.4   1
    52.6    303.1   1
    39.8    227.6   0
    48.8    235.3   1
    54.5    239.1   1
    59.0    238.5   1
    70.5    232.7   1
    89.7    219.3   1
   100.6    213.5   1
   112.1    209.0   1
    42.4    228.9   0
    55.2    231.4   1
    70.5    230.8   1
    75.6    229.5   1
    85.2    250.6   0
    84.6    244.2   1
    85.2    240.4   1
    88.4    238.5   1
    90.4    241.0   1
    89.7    243.6   1
    88.4    244.9   1
    87.2    246.2   1
    85.2    249.4   1
    93.6    253.8   0
    95.5    250.6   1
   100.6    248.7   1
   102.5    250.6   1
   101.2    252.6   1
    99.3    253.8   1
    96.1    253.2   1
    93.6    253.8   1
    53.9    243.0   0
    60.9    244.2   1
    66.0    241.7   1
    67.3    240.4   1
    68.6    202.6   0
    79.5    183.4   1
    91.0    165.5   1
    94.8    157.8   1
   100.0    145.7   1
   103.8    132.2   1
   119.2    208.4   0
   128.8    186.6   1
   135.2    173.2   1
   142.8    159.8   1
   151.2    148.2   1
    95.5    155.9   0
   110.8    161.0   1
   123.0    166.8   1
   135.2    175.1   1
   101.2    142.5   0
   116.6    147.6   1
   131.3    155.3   1
   141.6    163.6   1
   118.5    116.9   0
   107.0    131.0   1
    98.7    135.4   1
    87.2    136.7   1
    86.5    136.1   1
    94.2    132.2   1
    98.0    129.0   1
    87.2    132.2   1
    78.2    131.6   1
    73.1    129.7   1
    66.7    124.6   1
    61.6    117.5   1
    60.3    113.0   1
    66.7    120.1   1
    74.4    122.0   1
    77.6    122.0   1
    69.9    118.8   1
    66.7    115.0   1
    64.8    104.7   1
    66.7     98.3   1
    70.5     89.4   1
    80.1     71.4   1
    87.2     60.6   1
    98.0     45.2   1
   145.4    155.9   0
   151.2    159.8   1
   153.1    166.8   1
   155.6    173.2   1
   158.8    177.7   1
   167.2    182.8   1
   174.2    183.4   1
   169.1    177.0   1
   167.8    173.8   1
   176.8    181.5   1
   187.6    182.2   1
   193.4    179.6   1
   185.1    178.3   1
   178.0    175.8   1
   176.1    173.2   1
   181.9    173.8   1
   187.0    171.9   1
   202.4    158.5   1
   226.0    131.0   1
   229.9    129.0   1
   236.9    127.1   1
   244.0    122.0   1
   249.7    114.3   1
   252.3    106.6   1
   252.3    100.9   1
   250.4     98.3   1
   243.3     94.5   1
   229.2     88.1   1
   208.1     79.8   1
   194.7     76.6   1
   185.1     72.7   1
   178.7     66.3   1
   176.1     56.7   1
   160.1     57.4   1
   144.1     58.6   1
   118.5     53.5   1
   108.3     49.0   1
   101.2     45.2   1
   100.0     42.6   1
    98.0     45.2   1
   231.8    127.8   0
   214.5    123.9   1
   200.4    118.2   1
   182.5    109.2   1
   167.8    100.2   1
   158.2     92.6   1
   151.8     86.8   1
   145.4     76.6   1
   141.6     65.7   1
   140.3     59.9   1
   121.1    100.2   0
   123.0     95.8   1
   128.8     85.5   1
   134.5     78.5   1
   141.6     68.9   1
   168.4    148.2   0
   174.8    145.7   1
   184.4    139.9   1
   191.5    134.2   1
   188.9    132.9   1
   185.7    127.8   1
   184.4    119.4   1
   182.5    109.2   1
   188.9    134.2   0
   195.3    140.6   1
   207.5    142.5   1
   220.9    138.0   1
