    67.7    197.0   0
    66.6    198.3   1
    65.5    199.6   1
    65.6    200.8   1
    65.0    206.9   1
    63.0    211.9   1
    63.2    214.3   1
    63.7    220.2   1
    63.9    222.6   1
    64.2    226.2   1
    64.6    229.8   1
    64.9    233.4   1
    67.8    239.2   1
    68.1    242.8   1
    68.4    246.3   1
    68.9    252.3   1
    69.5    258.3   1
    69.7    260.7   1
    70.0    264.3   1
    70.3    267.9   1
    69.6    273.9   1
    68.6    276.4   1
    68.8    278.8   1
    68.9    280.0   1
    66.8    282.6   1
    64.7    286.4   1
    63.7    288.9   1
    61.4    290.3   1
    59.2    292.9   1
    58.1    294.2   1
    55.9    295.6   1
    53.6    297.0   1
    51.4    299.6   1
    47.8    299.9   1
    46.6    300.0   1
    42.7    296.8   1
    39.9    292.2   1
    39.8    291.0   1
    39.7    289.8   1
    39.3    285.0   1
    40.3    282.5   1
    40.1    280.1   1
    42.0    275.2   1
    41.8    272.8   1
    41.6    270.4   1
    41.4    268.0   1
    40.0    265.7   1
    39.8    263.3   1
    39.6    260.9   1
    39.3    257.3   1
    39.2    256.1   1
    38.9    253.7   1
    39.9    251.2   1
    43.4    249.7   1
    44.6    249.6   1
    46.1    253.1   1
    46.2    254.3   1
    47.6    256.6   1
    50.2    258.8   1
    51.7    262.3   1
    51.9    264.6   1
    53.3    266.9   1
    53.5    268.1   1
    54.9    270.4   1
    53.9    272.9   1
    54.0    274.1   1
    52.8    274.2   1
    51.6    274.3   1
    49.1    273.3   1
    49.0    272.1   1
    48.9    270.9   1
    47.5    268.7   1
    46.0    265.2   1
    55.1    259.6   0
    53.7    257.3   1
    53.4    253.7   1
    53.2    251.3   1
    51.3    243.0   1
    49.4    236.0   1
    47.6    228.9   1
    45.8    221.8   1
    42.7    213.7   1
    40.4    201.8   1
    36.8    187.7   1
    33.6    179.5   1
    31.2    165.3   1
    31.3    153.2   1
    31.0    149.6   1
    30.7    146.0   1
    30.5    143.7   1
    31.6    142.4   1
    33.7    138.6   1
    33.5    136.2   1
    34.6    134.9   1
    34.3    132.5   1
    36.4    128.7   1
    37.4    126.2   1
    39.6    123.6   1
    41.8    121.0   1
    45.0    117.1   1
    47.3    115.7   1
    47.3    115.7   1
    49.6    114.3   1
    53.2    114.0   1
    54.4    113.9   1
    54.3    112.7   1
    56.4    108.9   1
    57.4    106.4   1
    60.7    103.7   1
    61.8    102.4   1
    65.1     98.5   1
    65.0     97.3   1
    66.2     97.2   1
    69.6     94.5   1
    71.7     91.9   1
    74.1     91.7   1
    74.1     91.7   1
    78.7     88.8   1
    81.1     88.6   1
    84.8     89.5   1
    87.4     91.7   1
   163.4    175.4   0
   161.6    168.3   1
   161.2    164.7   1
   159.7    161.2   1
   158.3    159.0   1
   158.0    155.4   1
   157.9    154.2   1
   157.7    151.8   1
   156.4    150.7   1
   153.9    149.7   1
   153.7    147.3   1
   152.4    146.2   1
   151.1    145.1   1
   150.9    142.7   1
   150.7    140.4   1
   149.2    136.9   1
   149.0    134.5   1
   148.9    133.3   1
   146.3    131.1   1
   144.7    127.6   1
   144.8    128.8   1
   144.5    125.2   1
   145.5    122.7   1
   145.0    116.8   1
   143.5    113.3   1
   142.1    111.0   1
   141.9    108.6   1
   140.4    105.1   1
   139.0    102.8   1
   138.4     96.9   1
   135.8     94.7   1
   134.6     94.8   1
   130.7     91.5   1
   128.3     91.7   1
   128.5    107.4   0
   129.4    103.7   1
   129.1    100.1   1
   127.4     94.2   1
   127.2     91.8   1
   126.8     88.2   1
   125.3     84.8   1
   125.2     83.6   1
   123.7     80.1   1
   121.1     77.9   1
   116.1     75.9   1
   114.9     76.0   1
   162.1    174.3   0
   159.5    172.1   1
   155.6    168.8   1
   151.8    166.8   1
   150.6    166.9   1
   149.4    167.0   1
   147.0    167.2   1
   145.9    168.5   1
   141.2    170.1   1
   138.0    174.0   1
   136.0    179.0   1
   131.4    181.8   1
   128.1    185.7   1
   124.9    189.6   1
   123.8    190.9   1
   119.2    193.7   1
   117.0    196.3   1
   114.6    196.5   1
   112.4    197.9   1
   108.9    199.4   1
   105.3    199.7   1
   102.9    200.0   1
    99.2    199.1   1
    96.8    199.3   1
    94.2    197.1   1
    91.7    196.1   1
    90.3    193.8   1
    89.1    193.9   1
    93.1    198.4   0
    91.9    198.5   1
    88.5    201.2   1
    87.4    201.3   1
    85.0    201.5   1
    82.5    200.5   1
    78.9    200.9   1
    76.5    201.1   1
    73.9    198.9   1
    72.6    197.8   1
    71.4    197.9   1
    69.0    198.1   1
    77.3     86.6   0
    73.4     70.0   1
    57.4     65.4   1
    63.1     62.5   1
    64.9     55.1   1
    72.3     56.9   1
    77.7     50.4   1
    79.8     59.8   1
    89.4     60.2   1
    78.1     68.4   1
    81.8     82.5   1
    74.2     65.1   0
    67.6     58.5   1
   116.3     78.3   0
   116.5     80.7   1
   114.4     83.3   1
   112.1     84.7   1
   110.6     81.2   1
   109.2     78.9   1
   108.8     75.4   1
   107.7     62.2   1
    91.1     51.6   1
    88.4     48.2   1
    93.3     49.0   1
    96.9     48.7   1
    95.1     41.6   1
   102.6     45.8   1
   113.6     47.2   1
   121.9     45.3   1
   113.3     56.9   1
   116.1     75.9   1
   108.2     53.7   0
    99.1     46.1   1
   110.4     52.3   1
   113.8     49.6   1
   109.8     72.9   0
   104.8     70.9   1
   102.3     69.9   1
   100.0     70.1   1
    96.4     70.4   1
    92.8     70.7   1
    88.2     73.6   1
    86.2     78.5   1
    82.9     81.2   1
    95.4     87.4   0
    91.8     86.5   1
    89.2     84.3   1
    86.7     83.3   1
    84.3     83.5   1
    83.1     83.6   1
    72.0    149.7   0
    74.2    147.1   1
    75.2    144.6   1
    78.4    140.7   1
    80.6    138.1   1
    80.4    135.7   1
    81.5    134.4   1
    82.5    131.9   1
    84.9    131.7   1
    87.2    130.3   1
    89.5    130.1   1
    91.9    129.8   1
    93.3    132.1   1
    89.8    132.4   0
    92.0    131.0   1
    94.3    129.6   1
    95.5    129.5   1
    96.5    127.0   1
   100.0    125.5   1
   101.1    124.2   1
   103.5    124.0   1
   107.1    123.7   1
   114.1    121.9   1
   116.5    121.7   1
   118.9    121.5   1
   120.1    121.4   1
   122.5    121.1   1
   123.8    122.2   1
   126.4    124.4   1
   127.7    125.5   1
   129.0    126.6   1
   130.3    127.7   1
   130.5    130.1   1
   131.9    132.4   1
   131.9    132.4   1
   131.9    132.4   1
   130.7    132.5   1
   128.3    132.7   1
   125.8    131.7   1
   123.4    131.9   1
   121.0    132.1   1
   144.9    156.5   0
   148.6    157.4   1
   151.1    158.4   1
   152.5    160.7   1
   150.2    162.1   1
   147.9    163.5   1
   145.5    163.7   1
   144.3    163.8   1
   152.0    155.9   0
   149.5    154.9   1
   148.2    153.8   1
   145.6    151.6   1
   144.4    151.7   1
   142.1    152.0   1
   139.7    152.2   1
   137.3    152.4   1
   146.6    149.1   0
   145.3    148.1   1
   144.0    147.0   1
   141.5    146.0   1
   139.1    146.2   1
   136.8    146.4   1
   133.2    146.7   1
   141.2    142.4   0
   140.0    142.5   1
   137.4    140.3   1
   136.2    140.4   1
   133.8    140.6   1
   131.4    140.8   1
   130.2    140.9   1
   138.5    139.0   0
   138.4    137.8   1
   137.2    137.9   1
   136.0    138.0   1
   133.6    138.2   1
   132.4    138.3   1
   131.2    138.4   1
   128.8    138.7   1
   137.1    136.7   0
   134.5    134.5   1
   133.2    133.5   1
   130.8    133.7   1
   129.7    135.0   1
   127.3    135.2   1
   124.9    135.4   1
   124.9    135.4   1
   140.8    165.3   0
   138.5    166.7   1
   137.3    166.8   1
   133.7    167.1   1
   131.3    166.2   1
   132.7    168.4   0
   132.8    169.6   1
   131.6    169.7   1
   130.4    169.8   1
   128.0    170.1   1
   125.6    170.3   1
   129.3    171.1   0
   128.3    173.6   1
   125.9    173.8   1
   122.3    174.2   1
   119.7    172.0   1
   117.1    169.8   1
   121.1    174.3   0
   118.8    175.7   1
   117.6    175.8   1
   115.4    177.2   1
   114.2    177.3   1
   111.7    176.3   1
   111.5    173.9   1
    88.3    184.4   0
    91.9    184.1   1
    94.2    182.7   1
    93.5    175.5   1
    96.6    183.6   0
    97.6    181.1   1
    99.9    179.7   1
   100.7    174.9   1
   100.6    173.7   1
   100.3    170.1   1
   102.5    167.5   1
   103.6    180.6   0
   105.9    179.2   1
   107.0    177.9   1
   108.0    175.4   1
   107.9    174.2   1
   111.9    178.7   0
   110.7    178.8   1
   108.2    177.8   1
    85.3    191.9   0
    84.0    190.8   1
    81.5    189.8   1
    80.2    188.7   1
    79.1    190.0   1
    77.0    192.6   1
    77.0    192.6   1
    75.5    190.3   1
    74.2    189.2   1
    72.1    191.8   1
    69.7    192.0   1
    67.7    197.0   1
    83.3    154.7   0
    85.5    152.1   1
    87.6    149.5   1
    88.7    148.2   1
    91.0    146.8   1
    92.3    147.9   1
    93.8    151.4   1
    95.2    153.6   1
    95.4    156.0   1
    92.2    146.7   0
    94.6    146.5   1
    95.7    145.2   1
    97.0    146.3   1
    98.4    148.6   1
    99.7    149.6   1
   101.1    151.9   1
   103.8    155.3   1
    98.3    147.4   0
    99.3    144.9   1
   101.7    144.7   1
   104.3    146.8   1
   106.9    149.0   1
   108.4    152.5   1
   104.1    144.4   0
   106.2    141.8   1
   107.4    141.7   1
   108.6    141.6   1
   112.2    141.3   1
   112.5    144.9   1
   112.6    146.1   1
   112.8    148.5   1
   113.1    150.9   1
   114.5    153.2   1
   113.4    141.2   0
   113.3    140.0   1
   115.6    138.6   1
   116.8    138.5   1
   119.1    137.1   1
   120.3    137.0   1
   122.8    138.0   1
   126.6    140.1   1
   126.9    143.6   1
   127.0    144.8   1
   130.8    146.9   1
   131.1    150.5   1
   132.4    151.6   1
   135.0    153.8   1
    81.7     81.4   0
    81.9     83.7   1
    82.0     84.9   1
    82.1     86.1   1
    82.2     87.3   1
    82.2     87.3   1
    51.5    259.9   0
    51.4    258.7   1
    53.8    258.5   1
    55.1    259.6   1
    56.3    259.4   1
    56.5    261.8   1
    49.1    273.3   0
    49.2    274.5   1
    45.7    276.0   1
    44.6    277.3   1
    43.4    277.4   1
    40.9    289.7   0
    43.3    289.5   1
    44.4    288.2   1
    45.5    286.9   1
    45.3    284.5   1
    45.1    283.3   1
    44.0    283.4   1
    42.8    283.5   1
    42.8    283.5   1
    41.5    282.4   0
    43.8    282.2   1
    51.3    285.2   0
    53.6    283.8   1
    54.6    281.3   1
    54.4    278.9   1
    53.2    279.0   1
    50.8    279.2   1
    49.8    281.7   1
    50.0    284.1   1
