   420.4    282.0   0
   422.0    303.6   1
   426.8    322.0   1
   434.8    337.2   1
   448.4    346.0   1
   461.2    348.4   1
   479.6    344.4   1
   489.2    336.4   1
   495.6    332.4   1
   502.8    325.2   1
   496.4    316.4   1
   494.8    309.2   1
   493.2    302.0   1
   486.8    298.0   1
   454.0    298.8   1
   446.0    300.4   1
   487.6    300.4   0
   512.4    301.2   1
   519.6    303.6   1
   504.4    324.4   0
   514.0    318.0   1
   519.6    316.4   1
   527.6    312.4   1
   534.0    310.8   1
   538.0    307.6   1
   533.2    304.4   1
   524.4    302.8   1
   514.0    302.8   0
   502.8    306.8   1
   468.4    331.6   0
   462.8    330.0   1
   462.8    327.6   1
   463.6    325.2   1
   463.6    325.2   1
   468.4    324.4   1
   468.4    324.4   1
   471.6    326.0   1
   471.6    326.0   1
   472.4    327.6   1
   472.4    327.6   1
   470.8    330.0   1
   470.8    330.0   1
   470.0    330.8   1
   470.0    330.8   1
   461.2    298.8   0
   461.2    298.8   1
   455.6    286.8   1
   454.8    276.4   1
   454.8    276.4   1
   455.6    272.4   1
   455.6    265.2   1
   455.6    265.2   1
   456.4    258.8   1
   456.4    258.8   1
   462.0    251.6   1
   462.0    251.6   1
   466.0    241.2   1
   466.0    241.2   1
   467.6    234.8   1
   467.6    234.8   1
   469.2    227.6   1
   469.2    227.6   1
   470.0    218.8   1
   465.2    208.4   1
   465.2    208.4   1
   455.6    197.2   1
   455.6    197.2   1
   438.0    182.8   1
   429.2    179.6   1
   429.2    179.6   1
   414.8    175.6   1
   414.8    175.6   1
   396.4    169.2   1
   396.4    169.2   1
   381.2    166.8   1
   372.4    166.0   1
   359.6    163.6   1
   347.6    162.8   1
   347.6    162.8   1
   331.6    166.8   1
   331.6    166.8   1
   322.8    166.8   1
   322.8    166.8   1
   310.0    173.2   1
   299.6    174.8   1
   299.6    174.8   1
   288.4    182.0   1
   288.4    182.0   1
   284.4    186.8   1
   284.4    186.8   1
   276.4    189.2   1
   276.4    189.2   1
   274.8    190.8   1
   271.6    192.4   1
   274.0    191.6   1
   274.0    191.6   1
   282.0    195.6   1
   294.8    202.0   1
   283.6    186.8   0
   283.6    186.8   1
   297.2    193.2   1
   297.2    193.2   1
   302.8    197.2   1
   427.6    274.8   0
   427.6    274.8   1
   416.4    278.0   1
   416.4    278.0   1
   410.8    280.4   1
   410.8    280.4   1
   397.2    284.4   1
   388.4    286.0   1
   363.6    285.2   1
   363.6    285.2   1
   352.4    283.6   1
   352.4    283.6   1
   338.0    281.2   1
   328.4    278.0   1
   328.4    278.0   1
   315.6    273.2   1
   315.6    273.2   1
   310.8    270.0   1
   310.8    270.0   1
   302.0    266.8   1
   294.0    262.0   1
   294.0    262.0   1
   284.4    258.8   1
   284.4    258.8   1
   275.6    253.2   1
   275.6    253.2   1
   271.6    251.6   1
   271.6    251.6   1
   267.6    248.4   1
   267.6    248.4   1
   262.0    244.4   1
   262.0    244.4   1
   258.8    240.4   1
   258.8    240.4   1
   254.0    234.8   1
   251.6    234.8   1
   251.6    234.8   1
   250.0    227.6   1
   250.0    227.6   1
   256.4    226.8   1
   256.4    226.8   1
   266.8    220.4   1
   266.8    220.4   1
   282.0    218.8   1
   282.0    218.8   1
   291.6    218.0   1
   291.6    218.0   1
   300.4    216.4   1
   300.4    216.4   1
   310.8    214.8   1
   310.8    214.8   1
   327.6    214.0   1
   338.0    214.8   1
   338.0    214.8   1
   356.4    215.6   1
   369.2    218.0   1
   379.6    220.4   1
   379.6    220.4   1
   394.0    225.2   1
   394.0    225.2   1
   409.2    228.4   1
   298.0    263.6   0
   308.4    261.2   1
   333.2    261.2   1
   290.0    260.4   0
   310.8    252.4   1
   310.8    252.4   1
   318.0    250.8   1
   318.0    250.8   1
   327.6    250.0   1
   335.6    250.0   1
   335.6    250.0   1
   346.8    251.6   1
   346.8    251.6   1
   362.0    253.2   1
   283.6    255.6   0
   283.6    255.6   1
   298.0    246.0   1
   310.0    239.6   1
   310.0    239.6   1
   328.4    238.0   1
   328.4    238.0   1
   346.0    237.2   1
   358.0    238.8   1
   358.0    238.8   1
   376.4    239.6   1
   384.4    241.2   1
   271.6    249.2   0
   271.6    249.2   1
   283.6    239.6   1
   283.6    239.6   1
   302.0    233.2   1
   302.0    233.2   1
   318.8    226.0   1
   334.0    224.4   1
   350.0    224.4   1
   364.4    226.8   1
   374.8    226.0   1
   262.0    244.4   0
   262.0    244.4   1
   272.4    232.4   1
   281.2    228.4   1
   290.8    222.8   1
   300.4    219.6   1
   312.4    216.4   1
   254.8    238.0   0
   254.8    238.0   1
   243.6    234.0   1
   243.6    234.0   1
   218.0    231.6   1
   218.0    231.6   1
   204.4    229.2   1
   204.4    229.2   1
   202.0    222.8   1
   202.0    222.8   1
   212.4    218.8   1
   220.4    220.4   1
   232.4    222.0   1
   232.4    222.0   1
   204.4    218.8   0
   204.4    218.8   1
   196.4    219.6   1
   196.4    219.6   1
   191.6    218.8   1
   198.8    208.4   1
   211.6    208.4   1
   245.2    210.0   1
   245.2    210.0   1
   258.8    212.4   1
   258.8    212.4   1
   223.6    203.6   0
   223.6    203.6   1
   235.6    202.0   1
   244.4    202.0   1
   244.4    202.0   1
   256.4    202.0   1
   264.4    202.8   1
   264.4    202.8   1
   278.0    203.6   1
   278.0    203.6   1
   250.0    201.2   0
   258.8    198.8   1
   258.8    198.8   1
   267.6    195.6   1
   267.6    195.6   1
   274.8    195.6   1
   308.4    179.6   0
   308.4    179.6   1
   326.8    173.2   1
   338.0    174.0   1
   346.8    171.6   1
   358.8    174.0   1
   366.8    173.2   1
   378.0    174.8   1
   387.6    178.8   1
   395.6    181.2   1
   404.4    183.6   1
   404.4    183.6   1
   418.8    190.8   1
   429.2    195.6   1
   438.0    202.8   1
   342.0    186.0   0
   354.8    184.4   1
   370.0    186.0   1
   382.8    186.8   1
   398.0    190.0   1
   413.2    194.8   1
   350.0    200.4   0
   366.8    201.2   1
   385.2    200.4   1
   402.0    202.0   1
   416.4    205.2   1
   428.4    210.8   1
   428.4    210.8   1
   453.2    202.8   0
   453.2    202.8   1
   426.8    295.6   0
   426.8    295.6   1
   433.2    282.8   1
   433.2    282.8   1
   430.8    267.6   1
   430.8    267.6   1
   434.0    297.2   0
   435.6    288.4   1
   440.4    277.2   1
   440.4    277.2   1
   419.6    300.4   0
   419.6    300.4   1
   418.0    291.6   1
   418.0    291.6   1
   414.0    282.8   1
   470.0    214.8   0
   479.6    216.4   1
   494.0    217.2   1
   517.2    218.0   1
   546.8    218.0   1
   572.4    218.0   1
   614.8    218.8   1
   636.4    218.8   1
   664.4    220.4   1
   689.2    222.0   1
   191.6    208.4   0
   178.0    207.6   1
   160.4    208.4   1
   143.6    210.0   1
   117.2    210.0   1
    83.6    212.4   1
    55.6    214.0   1
     8.4    214.0   1
   162.0    195.6   0
   162.0    195.6   1
   158.0    181.2   1
   158.0    181.2   1
   181.2    172.4   1
   200.4    169.2   1
   218.0    167.6   1
   233.2    164.4   1
   244.4    161.2   1
   264.4    159.6   1
   282.0    154.8   1
   216.4    145.2   0
   216.4    145.2   1
   234.0    138.8   1
   254.8    136.4   1
   270.0    131.6   1
   288.4    126.8   1
   309.2    124.4   1
   330.0    126.8   1
   344.4    129.2   1
   360.4    125.2   1
   414.0    153.2   0
   430.8    153.2   1
   441.2    153.2   1
   456.4    153.2   1
   466.8    154.8   1
   481.2    158.0   1
   495.6    162.8   1
   508.4    166.8   1
   511.6    165.2   1
   518.8    173.2   1
   518.8    173.2   1
   518.8    186.0   1
   518.8    186.0   1
   506.0    189.2   1
   493.2    187.6   1
   500.4    200.4   1
   513.2    197.2   1
   525.2    192.4   1
   534.0    187.6   1
   545.2    175.6   1
   543.6    165.2   1
   543.6    165.2   1
   450.8    123.6   1
   481.2    127.6   1
   513.2    131.6   1
   548.4    137.2   1
   130.0    102.0   0
   142.0    100.4   1
   175.6    100.4   1
   233.2    100.4   1
   274.0     98.0   1
   311.6     94.8   1
    -3.6    164.4   1
    40.4    162.8   1
    92.4    168.4   1
   130.0    169.2   1
    59.6    118.0   1
    15.6    124.4   1
    44.4    126.0   1
    83.6    128.4   1
   118.0    132.4   1
   158.8    135.6   1
   184.4    138.0   1
    42.0     88.4   1
    63.6     94.0   1
   126.0     80.4   0
   126.0     80.4   1
   146.0     79.6   1
   160.4     77.2   1
   180.4     78.0   1
   212.4     78.0   1
   256.4     78.0   1
   293.2     78.8   1
   607.6    185.2   0
   641.2    186.0   1
   657.2    186.0   1
   682.0    188.4   1
   602.8    149.2   0
   623.6    147.6   1
   650.0    146.8   1
   663.6    148.4   1
   417.2     99.6   0
   451.6    100.4   1
   498.0    102.8   1
   536.4    106.0   1
   579.6    110.0   1
   579.6    207.6   0
   581.2    223.6   1
   583.6    208.4   1
   581.2    231.6   1
   579.6    245.2   1
   583.6    211.6   0
   586.8    220.4   1
   586.8    230.8   1
   589.2    241.2   1
   590.0    254.8   1
   587.6    266.0   1
   590.0    207.6   0
   596.4    218.8   1
   602.0    257.2   1
   609.2    213.2   0
   613.2    222.8   1
   614.8    236.4   1
   616.4    251.6   1
   616.4    264.4   1
   615.6    282.8   1
   626.8    214.8   0
   626.8    214.8   1
   631.6    242.0   1
   630.0    258.0   1
   630.8    274.0   1
   628.4    288.4   1
   642.0    217.2   0
   642.8    234.0   1
   641.2    252.4   1
   639.6    264.4   1
   644.4    282.8   1
   133.2    216.4   0
   134.0    225.2   1
   134.8    234.0   1
   130.8    213.2   1
   130.0    226.0   1
   134.0    242.0   1
   133.2    252.4   1
   134.8    266.8   1
   107.6    202.0   0
   114.8    217.2   1
   115.6    241.2   1
   114.8    250.8   1
   116.4    267.6   1
   115.6    288.4   1
    87.6    203.6   1
    93.2    214.0   1
    95.6    226.0   1
    74.0    203.6   0
    75.6    213.2   1
    79.6    229.2   1
    79.6    249.2   1
    82.8    263.6   1
    82.0    276.4   1
    83.6    292.4   1
    54.0    201.2   0
    58.8    218.0   1
    60.4    233.2   1
    61.2    267.6   1
    62.0    279.6   1
    62.8    288.4   1
    64.4    298.8   1
