   168.9    194.6   0
   165.9    199.8   1
   161.4    208.1   1
   160.6    224.6   1
   162.1    236.7   1
   163.6    250.2   1
   165.9    261.5   1
   160.6    284.8   1
   156.1    290.8   1
   147.1    299.8   1
   129.1    302.8   1
   105.8    302.0   1
    87.0    296.0   1
    74.9    287.8   1
    67.4    279.5   1
    62.9    267.5   1
    61.4    266.0   1
   168.9    193.8   0
   172.6    185.6   1
   185.4    180.3   1
   198.2    180.3   1
   209.4    181.0   1
   226.0    179.5   1
   238.0    179.5   1
   253.0    173.5   1
   259.8    166.0   1
   269.6    151.7   1
   278.6    139.0   1
   280.1    129.9   1
   281.6    129.2   1
   286.8    131.4   1
   294.4    140.5   1
   299.6    154.0   1
   310.9    162.3   1
   326.7    164.5   1
   334.9    159.2   1
   343.2    150.2   1
   351.5    133.7   1
   353.7    118.7   1
   351.5     94.6   1
   344.7     75.8   1
   335.7     66.1   1
   320.6     55.5   1
   303.4     51.0   1
   277.1     51.0   1
   257.5     53.3   1
   225.2     61.6   1
   204.2     74.3   1
   198.9     82.6   1
   198.9     86.4   1
   204.2     90.1   1
   215.5     91.6   1
   236.5     94.6   1
   252.3    102.1   1
   259.8    102.9   1
   271.8     99.1   1
   281.6     99.1   1
   287.6    102.9   1
   228.2     57.8   0
   210.2     57.1   1
   192.9     55.6   1
   172.6     56.3   1
   155.3     56.3   1
   139.6     53.3   1
   129.8     57.1   1
   125.3     65.3   1
   128.3     75.1   1
   139.6     79.6   1
   150.1     77.4   1
   168.1     66.8   0
   158.3     69.1   1
   152.3     75.1   1
   148.6     85.6   1
   147.8    100.6   1
   150.1    123.2   1
   160.6    139.7   1
   179.4    151.7   1
   195.9    153.2   1
   125.3     67.6   0
   115.5     65.3   1
   108.0     62.3   1
    95.2     57.1   1
    85.4     54.1   1
    68.9     51.8   1
    55.4     53.3   1
    38.9     58.6   1
    32.8     62.3   1
    32.8     67.6   1
    34.3     69.9   1
    47.9     75.9   1
    66.7     87.9   1
    69.7     91.6   1
    68.2     90.9   0
    67.4     95.4   1
    60.7     98.4   1
    39.6    121.7   1
    35.1    130.0   1
    31.4    145.7   1
    32.1    169.0   1
    62.2    266.7   0
    55.4    269.0   1
    47.1    266.7   1
    40.4    260.0   1
    38.1    246.4   1
    40.4    237.4   1
    44.1    230.7   1
    51.6    224.6   1
    57.7    213.4   1
    57.7    207.4   1
    52.4    198.3   1
    44.9    192.3   1
    37.4    181.1   1
    32.9    170.5   1
    32.9    172.0   0
    32.9    169.8   1
   148.6    238.9   0
   150.8    229.9   1
   153.1    224.6   1
   155.3    217.1   1
   155.3    204.3   1
   150.8    195.3   1
   141.8    190.1   1
   129.0    188.6   1
   111.8    187.1   1
   102.0    182.6   1
    96.0    178.8   1
    89.2    168.3   1
    86.2    158.5   1
    84.0    156.3   1
    79.4    157.0   1
    72.7    175.8   1
    73.4    204.4   1
    83.2    226.1   1
    93.0    235.2   1
   111.0    244.2   1
    93.0    278.7   0
    96.7    276.5   1
   101.2    269.7   1
   101.2    262.2   1
    97.5    257.7   1
    90.7    253.9   1
    81.7    256.2   1
    77.2    263.7   1
    78.0    273.5   1
    84.0    278.7   1
    93.0    279.5   1
    97.5    270.5   0
    98.2    267.5   1
    97.5    266.7   1
    95.2    267.5   1
    94.5    270.5   1
    95.2    272.0   1
    97.5    272.0   1
    98.2    271.2   1
   254.5    102.1   0
   262.0     99.1   1
   266.5     94.6   1
   275.6     93.9   1
   289.1     93.1   1
   249.3    100.6   0
   252.3     96.9   1
   259.0     93.9   1
   262.0     89.4   1
   270.3     89.4   1
   277.1     89.4   1
   281.6     88.6   1
   283.1     87.1   1
   241.8     95.4   0
   249.3     93.1   1
   252.3     86.4   1
   260.5     83.4   1
   270.3     83.4   1
   283.1     82.6   1
   289.1     84.9   1
   228.2     92.4   0
   238.0     91.6   1
   243.3     85.6   1
   249.3     81.1   1
   260.5     78.8   1
   275.6     76.6   1
   289.1     76.6   1
   199.7     85.6   0
   215.4     81.9   1
   231.2     75.8   1
   247.0     70.6   1
   265.0     69.8   1
   281.6     67.6   1
   287.6     67.6   1
   214.7     91.6   0
   227.5     85.6   1
   239.5     81.1   1
   247.0     78.1   1
   261.3     75.1   1
   285.3     72.8   1
   201.9     78.9   0
   213.9     76.6   1
   225.2     71.3   1
   236.5     68.3   1
   253.0     63.1   1
   268.0     63.1   1
   298.9     62.3   1
   310.1     67.6   1
   286.1    100.6   0
   292.8     95.4   1
   296.6     87.9   1
   301.9     81.8   1
   312.4     80.3   1
   313.9     72.8   1
   313.9     63.8   1
   309.4     60.1   1
   307.9     54.0   1
   308.6     52.5   1
   133.6    190.8   0
   128.3    196.1   1
   128.3    212.6   1
   114.0    216.4   1
   101.2    223.9   1
    93.7    220.1   1
    81.0    218.6   1
    63.7    266.7   0
    65.9    265.2   1
    69.7    256.2   1
    69.7    244.9   1
    69.7    236.7   1
    71.9    225.4   1
    69.7    220.1   1
    63.7    217.1   1
    57.7    217.1   1
    55.4    217.9   1
    57.7    268.2   0
    58.4    263.7   1
    50.9    260.7   1
    46.4    262.2   1
    43.4    263.0   1
    50.1    108.9   0
    43.4     99.9   1
    32.8     94.6   1
    27.6     90.9   1
    23.1     90.1   1
    23.1     85.6   1
    27.6     84.9   1
    40.4     85.6   1
    50.1     85.6   1
    59.9     83.4   1
   269.6    142.0   0
   262.0    156.2   1
   255.3    159.3   1
   254.5    168.3   1
   242.5    170.5   1
   233.5    174.3   1
   221.5    175.8   1
   211.7    175.8   1
   201.2    175.0   1
   189.2    178.0   1
   325.9    160.0   0
   331.9    158.5   1
   335.7    151.0   1
   340.9    146.5   1
   344.0    138.2   1
   346.2    130.7   1
   347.0    123.2   1
    71.9    172.8   0
    65.2    160.8   1
    65.9    142.7   1
    67.4    125.5   1
    69.7    114.9   1
    74.2    110.4   1
    53.1     74.4   0
    44.1     68.3   1
    36.6     66.1   1
    33.6     66.1   1
    52.4     69.8   0
    42.6     63.1   1
    34.3     63.1   1
   132.0     76.6   0
   137.3     75.1   1
   140.3     73.6   1
   141.8     69.8   1
   147.1     68.3   1
   152.3     67.6   1
   126.8     68.3   0
   131.3     68.3   1
   132.8     64.6   1
   136.5     63.8   1
   150.1     65.3   1
   286.1    102.1   0
   294.4    102.9   1
   298.9    105.9   1
    54.7    250.2   0
    65.2    246.4   1
    51.6    247.2   0
    61.4    240.4   1
    49.4    244.2   0
    56.9    233.7   1
