   614.5    231.4   0
   602.5    235.4   1
   582.5    235.4   1
   576.5    236.4   1
   562.5    233.4   1
   558.5    226.4   1
   552.5    210.4   1
   530.5    193.4   1
   524.5    189.4   1
   498.5    179.4   1
   453.5    180.4   1
   422.5    179.4   1
   384.5    174.4   1
   345.5    174.4   1
   303.5    181.4   1
   289.5    172.4   1
   266.5    139.4   1
   260.5    134.4   1
   239.5    129.4   1
   225.5    129.4   1
   201.5    129.4   1
   178.5    139.4   1
   172.5    149.4   1
   171.5    148.4   1
   172.5    139.4   1
   179.5    129.4   1
   198.5    122.4   1
   218.5    113.4   1
   235.5    110.4   1
   267.5    106.4   1
   272.5    108.4   1
   286.5    116.4   1
   288.5    120.4   1
   291.5    126.4   1
   612.5    229.4   0
   621.5    226.4   1
   629.5    218.4   1
   635.5    211.4   1
   646.5    210.4   1
   670.5    206.4   1
   673.5    201.4   1
   672.5    198.4   1
   671.5    197.4   1
   670.5    197.4   1
   670.5    196.4   1
   673.5    191.4   1
   673.5    182.4   1
   669.5    181.4   1
   665.5    181.4   1
   650.5    179.4   1
   641.5    179.4   1
   622.5    183.4   1
   615.5    177.4   1
   608.5    174.4   1
   597.5    164.4   1
   580.5    162.4   1
   574.5    154.4   1
   572.5    141.4   1
   572.5    117.4   1
   573.5    106.4   1
   579.5     97.4   1
   579.5     96.4   1
   580.5    162.4   0
   575.5    161.4   1
   565.5    147.4   1
   558.5    143.4   1
   556.5    134.4   1
   552.5    126.4   1
   552.5    105.4   1
   556.5     95.4   1
   566.5     87.4   1
   568.5     80.4   1
   568.5     74.4   1
   561.5     73.4   1
   551.5     72.4   1
   540.5     73.4   1
   536.5     77.4   1
   533.5     86.4   1
   522.5    109.4   1
   521.5    121.4   1
   519.5    126.4   1
   520.5    120.4   1
   521.5    115.4   0
   512.5    113.4   1
   453.5     98.4   1
   408.5     95.4   1
   369.5    100.4   1
   348.5    102.4   1
   356.5    130.4   0
   356.5    107.4   1
   351.5    103.4   1
   342.5     95.4   1
   332.5     92.4   1
   326.5     87.4   1
   329.5     81.4   1
   334.5     80.4   1
   341.5     76.4   1
   341.5     68.4   1
   332.5     67.4   1
   322.5     67.4   1
   314.5     76.4   1
   300.5     84.4   1
   304.5    107.4   1
   303.5    135.4   1
   300.5    143.4   0
   297.5    135.4   1
   294.5    127.4   1
   549.5    208.4   0
   553.5    196.4   1
   561.5    184.4   1
   568.5    169.4   1
   576.5    160.4   1
   567.5    151.4   1
   551.5    174.4   1
   543.5    191.4   1
   539.5    200.4   1
   551.5    203.4   0
   544.5    196.4   1
   551.5    196.4   1
   548.5    187.4   1
   559.5    186.4   1
   553.5    176.4   1
   563.5    177.4   1
   558.5    168.4   1
   568.5    168.4   1
   562.5    161.4   1
   574.5    161.4   1
   566.5    156.4   1
   566.5    148.4   0
   566.5    133.4   1
   568.5    119.4   1
   572.5    105.4   1
   600.5    234.4   0
   592.5    230.4   1
   589.5    215.4   1
   589.5    207.4   1
   590.5    190.4   1
   590.5    177.4   1
   585.5    169.4   1
   574.5    170.4   1
   570.5    179.4   1
   568.5    192.4   1
   568.5    206.4   1
   567.5    225.4   1
   611.5    220.4   0
   605.5    220.4   1
   603.5    219.4   1
   599.5    215.4   1
   606.5    214.4   0
   609.5    216.4   1
   609.5    213.4   1
   607.5    212.4   1
   607.5    213.4   1
   607.5    215.4   1
   608.5    215.4   1
   662.5    187.4   0
   665.5    185.4   1
   666.5    183.4   1
   656.5    188.4   0
   662.5    183.4   1
   662.5    180.4   1
   669.5    207.4   0
   666.5    203.4   1
   666.5    200.4   1
   667.5    197.4   1
   669.5    197.4   1
   667.5    198.4   1
   667.5    202.4   1
   667.5    202.4   1
   670.5    204.4   1
   671.5    201.4   1
   669.5    200.4   1
   667.5    203.4   1
   672.5    199.4   1
   669.5    198.4   1
   668.5    201.4   1
   668.5    203.4   1
   670.5    201.4   1
   671.5    201.4   1
   670.5    207.4   1
   672.5    204.4   1
   671.5    201.4   1
   669.5    205.4   1
   554.5    131.4   0
   557.5    110.4   1
   563.5     98.4   1
   578.5     94.4   1
   579.5     83.4   1
   577.5     79.4   1
   570.5     79.4   1
   557.5     84.4   0
   559.5     82.4   1
   559.5     77.4   1
   547.5     85.4   0
   550.5     81.4   1
   550.5     77.4   1
   324.5     77.4   0
   326.5     69.4   1
   329.5     77.4   0
   332.5     75.4   1
   332.5     72.4   1
   570.5     87.4   0
   570.5     83.4   1
   569.5     89.4   1
   364.5    100.4   0
   357.5     87.4   1
   357.5     84.4   1
   363.5     82.4   1
   371.5     81.4   1
   372.5     73.4   1
   367.5     70.4   1
   361.5     70.4   1
   345.5     74.4   1
   334.5     87.4   1
   330.5     92.4   1
   360.5     77.4   0
   361.5     74.4   1
   361.5     73.4   1
   365.5     78.4   0
   367.5     76.4   1
   367.5     74.4   1
   763.5     63.4   0
   589.5     61.4   1
   728.5     87.4   1
   606.0     96.0   1
   631.0    114.0   1
   812.5    144.4   0
   717.5    144.4   1
   830.5    107.4   1
   674.5    113.4   1
   524.5     42.4   0
   380.5     56.4   1
   473.5     64.4   1
    65.5    125.4   0
   156.5    122.4   1
    58.5     99.4   1
   273.5     94.4   1
   833.5    161.4   0
   580.5    161.4   1
   278.5    160.4   0
     8.5    160.4   1
