   128.8    287.3   0
   134.5    292.5   1
   136.7    298.9   1
   136.5    300.9   1
   139.3    299.8   1
   142.4    295.9   1
   144.2    290.7   1
   143.3    285.1   1
   140.9    281.5   1
   151.3    287.9   1
   156.6    289.7   1
   161.3    290.1   1
   163.5    288.9   1
   160.1    288.0   1
   158.3    285.7   1
   155.8    283.5   1
   172.4    288.3   1
   183.2    290.0   1
   187.2    290.3   1
   183.3    288.6   1
   176.9    284.0   1
   173.8    280.3   1
   172.7    276.8   1
   183.2    281.1   1
   188.7    281.6   1
   197.0    280.3   1
   187.1    276.0   1
   183.3    272.9   1
   182.0    271.4   1
   193.1    270.4   1
   201.5    267.7   1
   205.8    264.7   1
   199.0    264.7   1
   195.6    264.4   1
   190.3    262.6   1
   189.0    261.8   1
   189.0    261.8   0
   191.2    260.7   1
   187.2    259.6   1
   189.6    255.7   1
   183.5    255.2   1
   188.0    250.1   1
   181.9    249.6   1
   185.6    245.8   1
   180.2    245.4   1
   183.3    241.5   1
   179.2    241.2   1
   182.3    237.4   1
   178.2    237.0   1
   179.9    233.1   1
   182.9    230.6   1
   185.7    230.2   1
   191.2    228.6   1
   191.2    228.6   1
   189.8    260.5   0
   196.0    260.4   1
   206.9    260.7   1
   218.4    261.0   1
   227.9    261.8   1
   232.4    264.9   1
   240.3    267.7   1
   249.2    267.8   1
   253.4    266.1   1
   257.4    260.3   1
   260.2    251.0   1
   260.4    241.5   1
   255.6    234.2   1
   248.3    230.9   1
   235.0    227.0   1
   223.6    225.3   1
   214.1    225.1   1
   201.6    226.8   1
   190.6    228.5   1
   195.4    227.6   0
   196.5    223.6   1
   195.0    217.3   1
   193.8    215.2   1
   193.8    215.2   1
    86.9    229.0   0
    86.8    229.7   1
   128.8    287.3   0
   122.2    285.3   1
   115.0    282.0   1
   106.1    274.4   1
   103.1    270.0   1
    97.1    259.9   1
    93.1    251.4   1
    90.3    244.3   1
    87.6    235.9   1
    86.8    229.7   1
    87.0    227.7   1
    85.8    225.5   1
    82.0    222.5   1
    79.6    218.8   1
    79.2    214.7   1
    79.8    208.0   1
    81.9    199.9   1
    89.3    184.9   1
    96.8    177.4   1
   104.7    172.6   1
   114.5    170.7   1
   127.5    169.8   1
   143.7    171.2   1
   156.2    176.4   1
   166.7    182.1   1
   178.1    192.0   1
   184.4    198.0   1
   184.4    198.0   1
   100.5    174.3   0
   101.9    166.2   1
   103.6    162.3   1
   109.9    160.1   1
   122.3    159.1   1
   135.8    160.3   1
   149.4    161.5   1
   156.0    163.5   1
   165.0    170.4   1
   178.9    182.5   1
   182.9    191.0   1
    96.8    177.4   0
    95.0    175.2   1
    94.0    171.0   1
    96.5    165.1   1
    97.9    157.7   1
    98.5    150.9   1
   103.1    144.5   1
   112.3    141.2   1
   124.2    136.8   1
   129.2    135.2   1
   126.2    145.2   1
   126.1    154.0   1
   127.1    158.9   1
    94.0    171.0   0
    92.2    167.4   1
    89.6    159.0   1
    73.0     98.2   1
    72.9     92.1   1
    72.2     92.0   1
    72.2     92.0   0
    69.1     89.0   1
    66.7     84.7   1
    67.3     85.5   0
    62.7     84.4   1
    60.3     80.7   1
    59.9     77.3   1
    60.1     74.6   1
    61.6     72.7   1
    69.8     80.9   0
    67.2     79.3   1
    63.4     75.6   1
    61.1     70.6   1
    61.4     67.9   1
    62.2     65.9   1
    65.7     64.8   1
    67.8     64.3   1
    73.8     73.7   0
    69.3     70.6   1
    68.1     68.5   1
    68.4     65.1   1
    68.6     63.7   1
    70.1     61.8   1
    72.8     62.1   1
    74.8     62.2   1
    76.8     63.1   1
    79.9     66.8   1
    85.9     76.2   1
    91.6     80.8   1
    93.5     83.0   1
   113.6    141.3   1
   113.6    141.3   1
   147.4    160.7   0
   145.2    155.0   1
   144.4    148.1   1
   144.8    143.4   1
   147.4    137.5   1
   151.1    133.7   1
   154.0    162.6   0
   151.3    154.9   1
   150.5    148.0   1
   151.3    139.2   1
   151.8    133.8   1
   167.7     69.0   1
   170.1     64.4   1
   186.9     67.9   0
   193.8     58.3   1
   194.1     55.6   1
   190.9     53.3   1
   188.8     53.1   1
   185.3     63.0   0
   188.4     58.5   1
   189.0     51.1   1
   188.4     50.3   1
   186.5     48.8   1
   183.8     47.9   1
   180.5     47.6   1
   178.3     48.8   1
   177.7     55.5   1
   175.0     63.5   1
   169.2     67.7   0
   169.2     59.6   1
   169.0     54.1   1
   169.1     52.7   1
   170.7     49.5   1
   174.9     49.2   1
   177.5     50.1   1
   170.1     64.4   0
   169.2     67.7   1
   169.2     67.7   1
   166.9    171.2   0
   172.5    170.3   1
   178.4    165.4   1
   184.0    155.0   1
   186.3    136.8   1
   187.3    110.3   1
   187.2     87.7   1
   186.7     78.1   1
   186.6     70.6   1
   186.1     68.6   1
   186.9     67.9   0
   186.0     69.9   1
   128.5    135.1   0
   132.4    129.3   1
   142.0    120.6   1
   157.4    115.8   1
    85.3    200.2   0
    98.6    204.1   1
   103.4    203.9   1
   112.6    199.2   1
   136.1    180.1   1
    96.7    225.8   0
   105.4    227.2   1
   116.4    226.2   1
   126.4    220.9   1
   134.5    214.8   1
   134.5    214.8   1
   188.5    104.2   0
   199.2    106.5   1
   206.5    108.5   1
   215.0    105.2   1
   122.2    136.6   0
   116.9    134.8   1
   113.7    132.5   1
   111.9    129.6   1
   110.9    125.4   1
   110.6    121.3   1
   112.6    114.0   1
   122.4    103.2   1
   133.9     96.7   1
   140.2     94.5   1
   140.2     95.2   0
   136.5     90.1   1
   131.4     85.6   1
   122.4     79.4   1
   114.6     75.9   1
   108.0     72.6   1
   105.6     69.0   1
   105.9     65.6   1
   107.4     64.4   1
   115.6     71.9   0
   111.0     70.2   1
   108.5     67.2   1
   106.9     62.3   1
   107.1     59.6   1
   108.1     56.3   1
   111.5     56.6   1
   115.6     71.3   0
   119.5     73.6   1
   122.7     69.1   0
   115.5     65.1   1
   112.4     62.1   1
   111.3     58.6   1
   111.4     57.2   1
   111.6     55.2   1
   114.4     54.8   1
   117.7     55.7   1
   121.3     60.8   1
   128.4     65.6   1
   133.6     68.7   1
   161.6     91.6   1
   161.6     91.6   1
   191.5    217.7   0
   195.2    214.6   1
   199.3    206.8   1
   202.5    193.4   1
   205.7    180.1   1
   206.8    159.7   1
   189.9    212.8   0
   183.2    211.5   1
   180.7    208.6   1
   179.1    203.7   1
   180.0    201.0   1
   183.5    200.6   1
   187.9    204.4   1
   193.2    206.3   1
   183.5    200.6   0
   183.1    197.2   1
   184.7    193.9   1
   187.5    193.5   1
   190.8    195.1   1
   192.6    197.3   1
   194.4    200.2   1
   191.5    218.4   0
   182.0    216.9   1
   178.8    215.2   1
   177.1    211.0   1
   177.4    207.6   1
   179.0    205.0   1
   179.0    205.0   1
   276.3    192.4   0
   248.7    164.7   1
   229.8    131.0   1
   215.6    105.9   1
   209.3     92.4   1
   209.7     87.7   1
   217.5     68.6   1
   224.0     56.2   1
   275.0    191.6   0
   331.5    239.5   1
   187.0    129.3   0
   206.8    128.3   1
   210.2    129.3   1
   207.5    128.4   0
   214.7    131.8   1
   215.0    136.5   0
   214.2    130.3   1
   214.8    122.9   1
   217.3    117.7   1
   219.6    115.1   1
   220.3    114.5   1
   212.7    130.9   0
   207.5    128.4   1
   207.5    128.4   1
   197.7    209.4   0
   204.5    209.3   1
   221.0    200.5   1
   228.6    190.9   1
   224.8    196.1   0
   241.3    194.8   1
   248.8    194.7   1
   262.2    189.8   1
   269.8    187.7   1
   206.8    159.7   0
   207.2    155.6   1
   207.7    157.1   0
   212.5    156.8   1
   212.5    156.8   0
   213.6    159.6   1
   216.5    166.0   1
   218.3    168.2   1
   220.9    169.8   1
   226.1    173.0   1
   231.4    174.8   1
   242.0    178.5   1
   248.8    179.1   1
   254.2    178.9   1
   261.3    176.7   1
   184.7    193.9   0
   185.0    190.5   1
   184.9    184.4   1
   184.8    177.6   1
   185.3    172.1   1
   186.4    166.8   1
   187.6    161.4   1
   189.4    156.1   1
   190.6    157.6   0
   188.2    154.7   1
   186.6    149.1   1
   186.1    147.0   1
   186.9    137.5   0
   187.7    136.2   1
   191.2    135.2   1
   198.1    134.4   1
   206.2    135.8   1
   211.5    136.9   1
   219.6    138.3   1
   219.6    138.3   1
   106.2    273.0   0
    97.8    275.7   1
    91.7    275.1   1
    87.7    273.4   1
    78.6    269.2   1
    68.8    264.3   1
    64.7    263.9   1
    53.8    264.3   1
    44.0    266.2   1
    34.9    268.8   1
    27.9    271.6   1
    18.5    270.1   1
    14.1    265.0   1
    13.9    259.5   1
    17.1    255.0   1
    24.3    250.2   1
    28.7    247.1   1
    44.2    241.0   1
    57.5    236.7   1
    71.9    235.9   1
    84.1    237.0   1
    87.5    237.3   1
   108.7    228.2   0
   100.7    226.8   1
    93.7    228.9   1
    92.1    231.5   1
    91.7    235.6   1
    93.4    240.5   1
    95.0    244.7   1
    98.8    248.5   1
   104.0    251.0   1
   110.1    251.5   1
   115.2    248.6   1
   118.3    244.0   1
   118.8    238.6   1
   117.7    235.1   1
   116.0    231.6   1
   113.4    230.0   1
   108.8    227.5   1
   108.1    228.2   0
   100.0    226.8   1
   148.8    237.9   0
   156.8    239.9   1
   160.9    240.3   1
   165.9    237.3   1
   167.6    233.4   1
   168.8    228.0   1
   168.8    220.5   1
   163.8    214.6   1
   157.3    210.6   1
   151.1    212.1   1
   146.1    214.4   1
   143.1    217.6   1
   148.8    237.9   0
   146.4    234.2   1
   144.7    230.7   1
   143.7    226.5   1
   142.7    221.6   1
   143.0    218.2   1
   147.5    229.6   0
   155.7    229.6   1
   164.7    227.6   1
   167.6    225.9   1
    96.4    244.2   0
   102.0    242.6   1
   107.1    239.7   1
   112.8    236.1   1
   115.0    234.2   1
   108.2    226.8   0
   104.9    225.8   1
   103.8    222.3   1
   106.8    219.2   1
   109.6    218.1   1
   115.4    222.7   1
   115.9    224.7   1
   115.8    226.1   1
