   183.9     57.0   0
   231.6     69.4   1
   281.4     65.3   1
   335.3     71.5   1
   376.8     90.1   1
   335.3     90.1   1
   376.8     98.4   1
   376.8    119.2   1
   335.3    102.6   1
   376.8    127.5   1
   383.0    154.4   1
   372.6    164.8   1
   329.1    117.1   1
   283.5    131.6   1
   242.0    175.2   1
   273.1    195.9   1
   266.9    214.6   1
   246.1    212.5   1
   227.5    191.7   1
   235.8    216.6   1
   227.5    237.4   1
   200.5    233.2   1
   190.2    202.1   1
   188.1    237.4   1
   175.6    247.7   1
   163.2    235.3   1
   163.2    206.3   1
   150.8    237.4   1
   138.3    239.4   1
   132.1    233.2   1
   132.1    202.1   1
    96.8    189.7   1
    63.7    164.8   1
    30.5    127.5   1
    13.9     81.8   1
    24.3     71.5   1
    22.2     59.0   1
    45.0     50.7   1
    76.1     48.7   1
   119.6     67.3   1
   127.9     90.1   1
   144.5     98.4   1
   231.6     92.2   1
   221.3    119.2   1
   179.8    119.2   1
   210.9    131.6   1
   213.0    144.0   1
   198.4    152.3   1
   196.4    175.2   1
   163.2    173.1   1
   113.4    139.9   1
   105.1    156.5   1
    88.5    160.6   1
    61.6    164.8   1
   113.4    139.9   0
   121.7    135.8   1
   117.6    123.3   1
   125.9    119.2   1
   121.7    108.8   1
   127.9    100.5   1
   127.9     90.1   1
   121.7     67.3   0
   183.9     57.0   1
   242.0    175.2   0
   227.5    191.7   1
   190.2    202.1   1
   163.2    206.3   1
   127.9    202.1   1
    13.9     81.8   0
    34.6     71.5   1
    22.2     59.0   1
    63.7    106.7   0
    65.7    119.2   1
    80.3    110.9   1
    63.7    106.7   1
    72.0    115.0   0
    67.8    110.9   1
    69.9    108.8   1
