   172.6    402.3   0
   162.3    419.6   1
   145.0    428.2   1
   126.0    428.2   1
   119.1    426.5   1
   108.7    417.8   1
   103.5    407.5   1
   103.5    404.0   1
   103.5    385.0   1
    98.3    369.5   1
    93.2    366.0   1
    86.2    348.7   1
    82.8    329.7   1
    89.7    295.2   1
   113.9    274.4   1
   170.9    402.3   0
   172.6    386.7   1
   183.0    376.4   1
   198.6    355.6   1
   196.8    322.8   1
   181.3    288.2   1
   160.5    267.5   1
   124.3    262.3   1
   101.8    283.1   1
   143.3    366.0   0
   158.8    360.8   1
   155.4    345.3   1
   139.8    341.8   1
   127.7    347.0   1
   124.3    360.8   1
   145.0    367.7   1
   170.9    331.4   0
   162.3    322.8   1
   148.4    319.3   1
   127.7    319.4   1
   124.3    321.1   1
   170.9    328.0   0
   164.0    319.3   1
   157.1    298.6   1
   153.6    293.4   1
   145.0    290.0   1
   132.9    293.4   1
   124.3    310.7   1
   122.5    319.4   1
   122.5    324.5   1
   127.7    319.4   1
   127.7    319.4   1
   158.8    305.5   0
   151.9    309.0   1
   139.8    309.0   1
   129.4    305.5   1
   157.1    388.5   0
   158.8    383.3   1
   153.6    378.1   1
   148.5    383.3   1
   150.2    388.5   1
   153.6    390.2   1
   157.1    390.2   1
   124.3    388.5   0
   129.4    385.0   1
   129.4    379.8   1
   126.0    378.1   1
   119.1    378.1   1
   115.6    385.0   1
   117.4    390.2   1
   124.3    388.5   1
   162.3    402.3   0
   155.4    405.7   1
   146.7    404.0   1
   146.7    404.0   1
   129.4    400.6   0
   122.5    405.8   1
   112.2    402.3   1
   153.6    424.8   0
   165.7    459.3   1
   189.9    476.6   1
   226.2    474.9   1
   219.3    466.2   1
   214.1    462.8   1
   210.7    442.0   1
   208.9    424.8   1
   191.7    409.2   1
   170.9    402.3   1
   126.0    428.2   0
   122.5    452.4   1
   100.1    469.7   1
    75.9    471.4   1
    60.3    476.6   1
    63.8    464.5   1
    65.5    450.7   1
    74.2    428.2   1
    98.3    417.8   1
   108.7    416.1   1
   187.0    251.0   0
   198.6    226.0   1
   212.4    150.0   1
   183.0    103.3   1
   178.0    102.0   1
    80.0    260.0   0
    80.0    258.0   1
    65.5    208.8   1
    58.6    153.5   1
    68.9    122.4   1
    86.2    105.1   1
    86.0    106.0   1
   151.9    129.3   0
   167.4    134.5   1
   177.8    110.3   1
   177.8     82.6   1
   165.7     72.2   1
   151.9     74.0   1
   145.0    102.0   1
   153.6    131.0   1
    98.3    134.5   0
   112.1    129.3   1
   116.0    102.0   1
   115.6     77.4   1
   113.9     72.2   1
    91.4     74.0   1
    87.9     96.4   1
    88.0    124.1   1
   101.8    134.5   1
   116.0     92.0   0
    98.3     93.0   1
    87.9     93.0   1
   150.0     87.0   0
   165.7     89.5   1
   177.8     87.8   1
   146.0     93.0   0
   127.7     93.0   1
   119.1     94.7   1
   107.0    129.3   0
   107.0    120.6   1
    94.9    131.0   0
    94.9    122.4   1
    94.0    121.0   0
    94.9    115.5   1
   155.3    129.3   0
   153.6    117.2   1
   165.7    131.0   0
   165.7    118.9   1
    82.8    423.0   0
    62.1    372.9   1
    53.4    336.6   1
    53.4    291.7   1
    89.7    248.5   1
   103.5    252.0   1
   112.2    274.4   1
   202.0    416.1   0
   222.8    371.2   1
   222.8    315.9   1
   208.9    274.4   1
   183.0    248.5   1
   174.4    252.0   1
   167.5    272.7   1
   191.6    238.1   0
   158.8    226.0   1
   124.2    222.6   1
    93.1    229.5   1
    79.3    234.7   1
    75.9    236.4   1
   202.0    210.5   0
   172.0    192.0   1
   121.0    188.0   1
    90.0    197.0   1
    66.0    207.0   1
   208.9    179.4   0
   162.3    163.8   1
   131.0    159.0   1
    81.0    169.0   1
    62.0    179.4   1
   210.6    153.5   0
   172.6    136.2   1
   143.2    134.5   1
    96.6    137.9   1
    62.0    146.6   1
   200.3    129.3   0
   177.8    115.4   1
   146.0    109.0   0
   119.0    111.0   1
    88.0    120.6   0
    72.4    120.6   1
    77.6    471.4   0
    98.3    454.1   1
   115.6    424.8   1
   214.1    474.9   0
   184.7    459.3   1
   160.6    424.8   1
   101.8    416.1   0
    96.6    404.0   1
    93.2    419.6   0
    88.0    410.9   1
   193.4    410.9   0
   202.0    398.8   1
   186.5    405.7   0
   196.8    390.2   1
   164.0    334.0   0
   176.1    331.4   1
   179.6    326.3   1
   127.7    322.8   0
   117.3    328.0   1
   126.0    333.2   0
   120.0    332.0   1
   115.6    328.0   1
   113.0    323.0   1
