   169.6    404.8   0
   190.0    402.3   1
   212.9    384.1   1
   221.8    367.8   1
   228.0    346.0   1
   228.0    321.5   1
   221.6    297.5   1
   213.5    279.7   1
   198.5    257.1   1
   186.6    246.4   1
   191.1    243.6   1
   195.9    237.7   1
   197.9    227.2   1
   197.2    222.9   1
   169.7    403.8   0
   154.8    403.5   1
   126.6    396.8   1
   113.0    393.5   1
    98.8    385.8   1
    88.1    373.2   1
    79.0    355.3   1
    74.0    340.0   1
    76.1    315.7   1
    80.8    299.0   1
    87.7    280.4   1
    96.2    268.4   1
   107.1    253.4   1
   102.9    253.0   1
    99.0    248.4   1
    97.3    244.0   1
    97.9    237.6   1
   103.6    232.8   1
   109.2    230.1   1
   168.7    243.8   0
   169.0    248.0   1
   160.6    251.6   1
   154.2    251.1   1
   148.1    248.4   1
   141.0    243.5   1
   144.5    240.6   1
   153.0    244.0   1
   159.1    244.0   1
   165.0    245.0   1
   170.1    240.7   1
   171.0    239.0   1
   169.0    238.0   0
   159.0    238.0   1
   152.0    236.0   1
   144.0    238.0   1
   143.3    241.6   1
   197.5    280.4   0
   211.7    300.9   1
   215.9    314.0   1
   216.7    329.0   1
   211.5    339.2   1
   199.8    339.3   1
   192.8    334.4   1
   187.4    323.2   1
   185.8    305.0   1
   183.2    285.6   1
   180.5    280.0   1
   190.9    283.1   1
   195.1    283.4   1
   197.3    282.6   1
   198.4    282.6   1
   199.5    281.7   1
   141.7    285.1   0
   152.8    304.2   1
   154.3    323.6   1
   152.5    331.9   1
   146.5    339.9   1
   139.8    343.6   1
   130.3    341.7   1
   122.1    337.8   1
   119.4    332.2   1
   117.4    319.3   1
   120.1    300.3   1
   123.2    288.9   1
   123.6    284.6   1
   132.9    287.6   1
   137.2    288.0   1
   142.5    287.4   1
   143.9    284.3   1
   118.1    322.5   0
   127.3    327.6   1
   131.5    328.0   1
   134.7    328.2   1
   138.4    322.2   1
   138.8    317.9   1
   139.0    310.0   1
   139.0    301.0   1
   134.9    288.8   1
   119.4    307.7   0
   124.3    313.5   1
   128.5    313.8   1
   130.6    314.0   1
   131.7    314.1   1
   132.9    312.1   1
   136.0    304.0   1
   132.7    289.7   1
   188.6    321.2   0
   194.8    323.9   1
   199.0    324.3   1
   203.7    319.3   1
   203.4    310.8   1
   200.0    300.9   1
   191.7    285.3   1
   186.4    309.3   0
   193.6    313.1   1
   197.8    313.5   1
   200.0    313.0   1
   202.0    307.0   1
   200.0    303.0   1
   134.4    355.9   0
   133.4    354.8   1
   132.8    350.4   1
   134.1    347.4   1
   136.4    345.4   1
   126.6    359.5   0
   125.9    355.2   1
   126.4    349.9   1
   128.8    346.9   1
   119.5    355.7   0
   120.0    350.4   1
   122.5    346.3   1
   125.9    343.5   1
   221.5    347.5   0
   219.0    344.0   1
   217.7    341.9   1
   214.6    340.5   1
   214.6    340.5   0
   212.5    340.4   1
   215.8    351.3   0
   215.0    348.0   1
   212.2    343.5   1
   209.3    340.1   1
   208.9    357.1   0
   210.4    351.9   1
   210.7    348.7   1
   208.8    346.4   1
   204.0    339.6   1
   163.0    426.0   0
   158.0    420.0   1
   157.0    414.0   1
   156.7    405.8   1
   160.5    398.7   1
   142.0    428.0   0
   149.0    420.0   1
   150.0    412.0   1
   151.5    404.3   1
   137.3    420.1   0
   134.8    412.4   1
   136.3    407.2   1
   138.7    404.3   1
   144.7    396.3   1
   114.4    231.6   0
   108.0    231.1   1
   100.7    229.3   1
    97.6    228.0   1
    95.8    224.7   1
    96.1    221.5   1
    98.7    215.3   1
   110.8    211.1   1
   116.3    209.4   1
   128.2    207.2   1
    95.6    226.8   0
    94.2    218.1   1
    94.8    211.8   1
    98.2    208.9   1
   107.3    203.3   1
   122.5    199.3   1
    97.2    208.8   0
    97.0    197.0   1
    96.0    185.0   1
    96.0    175.0   1
    91.0    160.0   1
    86.0    151.0   1
    76.5    140.9   1
    65.5    132.5   1
    60.5    116.1   1
    62.5    105.6   1
    68.8     94.4   1
    82.9     79.7   1
    98.7     69.3   1
   108.7     64.9   1
   124.8     63.1   1
   140.6     65.5   1
   154.9     73.2   1
   158.8     76.7   1
   126.7    236.9   0
   132.4    232.1   1
   141.4    227.6   1
   155.3    214.9   1
   161.4    205.9   1
   164.2    197.6   1
   165.0    189.1   1
   161.1    184.5   1
   155.8    184.1   1
   150.1    188.9   1
   196.5    230.3   0
   194.2    232.2   1
   191.3    229.8   1
   191.6    225.6   1
   190.1    230.8   0
   187.9    231.6   1
   184.8    230.3   1
   185.1    227.1   1
   185.4    224.0   1
   183.8    230.2   0
   180.5    231.0   1
   179.7    227.7   1
   180.2    222.4   1
   180.2    222.4   1
   177.0    222.2   1
   172.9    220.7   1
   169.7    220.5   1
   167.7    219.2   1
   167.9    217.1   1
   168.1    213.9   1
   168.3    211.8   1
   166.3    210.6   1
   154.0    229.7   1
   198.2    224.0   0
   195.4    219.5   1
   192.2    219.2   1
   194.5    217.3   1
   195.4    218.4   0
   189.4    214.7   1
   180.9    214.0   1
   175.6    213.5   1
   181.8    203.4   0
   181.4    195.9   1
   126.7    236.9   0
   124.0    243.1   1
   122.9    244.1   1
   121.8    244.0   1
   122.2    239.8   1
   124.6    236.8   1
   125.9    233.7   1
   121.9    242.9   0
   119.7    243.8   1
   116.6    242.5   1
   119.3    236.3   1
   121.7    233.3   1
   124.0    231.4   1
   118.0    239.4   0
   114.7    240.2   1
   112.6    240.0   1
   112.8    237.9   1
   116.3    233.9   1
   119.7    231.0   1
   113.9    236.9   1
   119.7    231.0   1
   112.8    237.9   0
   109.7    236.5   1
   109.9    234.4   1
   114.5    230.6   1
   122.4    224.9   1
   126.6    225.2   1
   130.9    225.6   1
   131.9    225.7   1
   125.6    225.1   0
   138.3    213.5   1
   143.0    208.5   1
   146.8    201.4   1
   145.0    198.1   1
   119.0    227.7   0
   125.0    219.7   1
   131.7    216.1   1
   137.3    213.4   1
   129.7    141.3   0
   142.5    165.9   1
   149.2    175.0   1
   154.1    179.7   1
   158.0    183.2   1
   167.7    181.9   1
   175.5    178.3   1
   180.8    167.1   1
   186.6    148.4   1
   192.1    135.0   1
   197.6    120.6   1
   203.4    114.7   1
   211.4    120.7   1
   221.2    131.2   1
   228.9    140.4   1
   243.2    148.0   1
   255.8    150.2   1
   253.7    150.0   1
   267.4    151.2   1
   277.8    142.5   1
   285.8    124.0   1
   285.6    113.4   1
   284.8    111.2   1
   282.4    101.4   1
   249.9    119.8   0
   261.5    120.8   1
   273.8    114.5   1
   281.2    103.4   1
   283.4     89.7   1
   284.7     74.9   1
   281.2     66.1   1
   273.4     57.9   1
   255.5     55.3   1
   233.0     56.5   1
   209.7     55.6   1
   192.5     57.3   1
   173.7     65.2   1
   163.2     75.0   1
   158.4     93.7   1
   160.6    117.4   1
   161.5    144.1   1
   157.6    164.0   1
   160.9    150.4   0
   155.1    143.5   1
   143.2    132.9   1
   137.5    124.9   1
   136.6    123.8   1
   133.2    125.6   1
   128.6    129.5   1
   127.2    133.6   1
   126.5    141.0   1
   125.8    149.5   1
   312.5    123.2   0
   315.0    135.0   1
   311.0    150.0   1
   304.8    161.9   1
   299.4    163.6   1
   289.7    164.9   1
   270.9    160.0   1
   260.5    157.0   1
   251.4    151.9   1
   312.4    124.2   0
   308.7    117.5   1
   299.6    112.4   1
   295.7    107.8   1
   289.4    143.5   0
   296.6    134.6   1
   299.0    118.8   1
   295.5    110.0   1
   294.7    106.7   1
   288.8    101.9   1
   282.5    100.3   1
   218.1    129.8   0
   201.6    160.4   1
   195.0    174.7   1
   186.6    185.7   1
   179.9    213.9   0
   185.3    200.5   1
   186.7    196.4   1
   188.1    192.2   1
   187.5    187.9   1
   186.7    184.6   1
   181.4    184.2   1
   177.2    183.8   1
   171.5    187.6   1
   165.7    193.5   1
   155.8    184.1   0
   146.2    184.3   1
   132.1    187.3   1
   123.0    194.0   1
   116.4    196.6   1
   131.8    154.3   0
   121.2    153.3   1
   118.3    149.9   1
   116.8    143.4   1
   117.4    136.0   1
   117.8    131.7   1
   131.4    158.5   0
   120.8    157.6   1
   112.7    153.7   1
   111.1    147.1   1
   109.2    144.8   1
   129.0    161.5   0
   123.5    163.1   1
   115.0    163.5   1
   111.5    166.4   1
   110.1    170.5   1
   106.7    173.4   1
    66.4    133.6   0
    61.8    150.3   1
    53.7    158.1   1
    41.4    164.5   1
    28.5    165.5   1
    22.7    170.3   1
    22.2    176.7   1
    18.1    174.2   1
    16.2    160.1   1
    17.3    147.5   1
    21.4    137.2   1
    29.5    129.3   1
    39.4    125.9   1
    50.5    120.5   1
    58.1    119.1   1
   194.0    305.0   0
   191.0    292.0   1
   188.0    300.0   0
   197.0    298.0   1
   131.0    302.0   0
   124.0    301.0   1
   128.0    295.0   0
   127.0    307.0   1
