   432.1    192.4   0
   431.4    179.5   1
   428.7    170.0   1
   426.0    162.5   1
   423.3    157.7   1
   421.2    157.1   1
   419.9    157.1   1
   417.8    159.1   1
   415.1    167.3   1
   414.4    180.9   1
   415.1    194.4   1
   417.1    208.7   1
   421.2    219.6   1
   423.9    224.3   1
   427.3    225.7   1
   429.4    225.7   1
   431.4    223.0   1
   435.5    222.3   0
   434.1    227.7   1
   430.1    231.1   1
   424.6    230.5   1
   421.9    227.7   1
   419.2    223.7   1
   416.5    218.2   1
   413.1    209.4   1
   411.7    198.5   1
   409.7    184.2   1
   411.0    163.9   1
   413.7    153.0   1
   417.1    147.6   1
   419.2    146.9   1
   421.9    148.2   1
   426.7    153.0   1
   430.7    161.1   1
   434.1    171.3   1
   435.5    180.2   1
   436.8    187.6   1
   436.8    191.0   1
   417.8    146.9   0
   396.8    148.9   1
   393.4    151.0   1
   388.6    157.8   1
   386.6    170.7   1
   385.9    188.3   1
   387.9    202.6   1
   390.6    213.5   1
   396.1    226.4   1
   400.8    232.5   1
   403.6    233.2   1
   407.6    233.9   1
   418.5    233.8   1
   424.6    233.2   1
   430.1    231.1   1
   580.9    186.3   0
   575.5    177.4   1
   565.3    167.9   1
   553.7    156.4   1
   549.6    152.3   1
   553.7    148.2   1
   557.1    145.5   1
   560.5    144.1   1
   561.9    144.8   1
   563.2    147.5   1
   563.9    152.3   1
   562.5    157.7   1
   559.8    161.8   1
   567.3    155.7   0
   570.7    148.9   1
   572.1    141.4   1
   571.4    135.3   1
   566.6    132.6   1
   558.5    134.0   1
   550.3    138.0   1
   546.9    140.7   1
   551.0    137.4   0
   544.9    131.2   1
   540.1    129.2   1
   535.4    127.8   1
   529.3    127.8   1
   521.1    129.9   1
   512.3    135.3   1
   500.7    146.2   1
   496.0    154.3   1
   492.6    161.1   1
   494.6    156.4   0
   482.4    166.6   1
   470.1    177.4   1
   463.3    181.5   1
   454.5    186.3   1
   442.3    191.0   1
   430.1    193.1   1
   420.5    195.1   1
   415.8    196.5   1
   594.5    206.0   0
   595.2    198.5   1
   594.5    190.3   1
   591.8    183.6   1
   586.3    175.4   1
   576.8    165.9   1
   567.3    157.1   1
   591.8    203.9   0
   586.3    202.6   1
   580.2    203.3   1
   578.9    204.6   1
   576.1    208.0   1
   576.1    212.1   1
   578.2    223.6   1
   581.6    231.1   1
   586.3    236.6   1
   591.1    239.9   1
   594.5    240.6   1
   598.6    240.6   1
   602.6    237.2   1
   606.0    232.5   1
   606.7    229.1   1
   606.7    223.6   1
   604.7    217.5   1
   602.0    211.4   1
   596.5    207.3   1
   591.8    204.6   1
   578.9    227.7   0
   568.0    226.4   1
   559.2    223.0   1
   551.7    217.5   1
   544.9    212.1   1
   538.1    205.3   1
   535.4    200.5   1
   552.4    218.9   0
   542.9    220.2   1
   536.7    218.9   1
   532.0    217.5   1
   526.5    214.8   1
   517.7    208.0   1
   511.6    202.6   1
   504.8    194.4   1
   501.4    199.2   0
   501.4    199.2   1
   502.1    199.9   0
   504.1    195.1   1
   527.9    215.5   0
   521.8    217.5   1
   515.7    217.5   1
   508.2    214.8   1
   502.8    211.4   1
   494.6    206.0   1
   486.5    198.5   1
   515.7    239.3   0
   512.3    235.9   1
   510.9    232.5   1
   510.2    229.8   1
   510.2    227.0   1
   510.2    223.6   1
   510.9    221.6   1
   512.3    218.2   1
   513.6    217.5   1
   515.7    238.6   0
   516.4    238.6   1
   517.0    238.6   1
   518.4    235.9   1
   518.4    225.7   1
   517.7    222.3   1
   515.7    220.3   1
   514.3    218.9   1
   497.3    208.0   0
   494.6    212.1   1
   494.6    217.5   1
   495.3    225.7   1
   496.6    232.5   1
   498.7    234.5   1
   500.0    235.2   1
   503.4    234.5   1
   504.8    231.8   1
   504.8    225.7   1
   503.4    216.2   1
   499.4    210.1   1
   498.0    208.7   1
   502.8    235.2   0
   500.7    254.2   1
   499.4    256.9   1
   498.0    261.7   1
   495.3    265.8   1
   491.9    269.9   1
   487.1    272.6   1
   483.1    270.5   1
   480.3    265.8   1
   479.7    259.0   1
   478.3    252.2   1
   478.3    243.4   1
   478.3    233.2   1
   479.7    214.8   1
   482.4    204.6   1
   485.8    198.5   1
   485.8    197.2   1
   498.7    259.7   0
   502.1    264.4   1
   504.8    265.8   1
   507.5    265.8   1
   509.6    264.4   1
   512.3    261.0   1
   514.3    256.3   1
   515.0    252.2   1
   516.4    246.8   1
   516.4    238.6   1
   513.6    265.1   0
   513.6    259.0   1
   513.6    265.1   0
   512.3    271.2   1
   509.6    276.6   1
   505.5    281.4   1
   501.4    282.1   1
   498.0    281.4   1
   495.3    278.7   1
   495.3    278.0   1
   498.7    267.8   0
   496.7    273.9   1
   493.3    280.0   1
   489.2    284.1   1
   485.1    286.2   1
   481.7    286.2   1
   478.3    285.5   1
   474.2    280.7   1
   472.2    276.7   1
   470.2    267.8   1
   470.2    259.0   1
   470.8    272.6   0
   460.6    270.5   1
   458.6    269.2   1
   460.0    271.2   0
   457.2    271.9   1
   446.4    271.9   0
   440.9    269.9   1
   436.9    265.8   1
   434.1    260.3   1
   432.1    254.2   1
   432.1    247.4   1
   432.8    240.6   1
   434.1    237.9   1
   436.9    235.2   1
   439.6    233.8   1
   443.0    244.7   0
   440.3    237.9   1
   439.6    228.4   1
   440.9    220.9   1
   443.0    214.8   1
   444.3    213.5   1
   440.2    221.6   0
   423.9    223.0   1
   418.5    194.4   0
   417.8    184.2   1
   416.5    178.8   1
   415.8    176.1   1
   415.8    175.4   1
   510.9    120.4   0
   489.2    137.4   1
   470.8    151.6   1
   455.2    163.9   1
   447.0    172.7   1
   439.6    179.5   1
   436.8    182.2   1
   485.1     79.6   0
   458.6    101.3   1
   443.0    117.0   1
   429.4    130.6   1
   419.9    140.8   1
   415.8    146.2   1
   576.8    114.9   0
   566.6    119.0   1
   553.0    120.4   1
   537.4    120.4   1
   523.1    118.3   1
   515.7    117.0   1
   521.1    118.3   0
   515.7    121.0   1
   511.6    121.0   1
   504.8    119.7   1
   500.0    117.0   1
   550.3     70.1   0
   542.8     68.7   1
   535.4     68.7   1
   521.8     69.4   1
   508.9     70.1   1
   498.0     73.5   1
   490.5     76.9   1
   485.1     78.9   1
   485.1     79.6   1
   549.0     72.8   0
   556.4     70.1   1
   564.6     70.1   1
   570.7     72.1   1
   574.1     77.6   1
   575.5     86.4   1
   573.4     92.5   1
   568.7     97.3   1
   561.9    100.0   1
   554.4    100.7   1
   551.0     99.3   1
   575.5     78.9   0
   582.2     78.9   1
   589.0     81.6   1
   593.1     86.4   1
   593.8     95.2   1
   591.1    100.0   1
   586.3    104.1   1
   581.6    106.8   1
   574.8    107.5   1
   570.7    108.1   1
   568.7    108.1   1
   593.8     89.1   0
   599.2     91.1   1
   601.3     95.9   1
   601.3    100.7   1
   599.2    106.1   1
   595.8    110.2   1
   589.0    114.2   1
   584.3    114.9   1
   578.9    114.9   1
   576.8    114.9   1
   385.9    178.8   0
   377.7    176.8   1
   366.9    175.4   1
   350.6    178.1   1
   336.3    183.6   1
   326.1    190.4   1
   316.6    197.2   1
   306.4    208.0   1
   304.4    210.1   1
   385.2    170.0   0
   378.4    176.8   1
   304.4    208.7   0
   294.8    213.5   1
   407.6    254.9   0
   399.5    264.4   1
   392.7    270.5   1
   385.9    273.3   1
   381.8    273.9   1
   427.3    232.5   0
   426.7    250.2   1
   424.6    257.0   1
   419.9    264.4   1
   410.4    272.6   1
   401.5    275.3   1
   394.1    274.6   1
   387.9    273.3   1
   391.3    256.3   0
   386.6    265.8   1
   379.8    276.0   1
   366.9    288.9   1
   360.1    293.0   1
   351.2    294.3   1
   343.1    293.0   1
   334.3    288.9   1
   337.0    290.3   0
   324.7    293.7   1
   309.1    292.3   1
   295.5    291.6   1
   285.3    289.6   1
   274.5    287.5   1
   262.9    285.5   1
   255.4    282.8   1
   246.6    280.1   1
   241.2    278.0   1
   233.0    274.6   1
   226.2    270.6   1
   219.4    266.5   1
   213.3    262.4   1
   205.8    255.6   1
   195.6    245.4   1
   178.7    225.7   1
   154.9    203.3   1
   137.2    189.7   1
   125.0    182.2   1
   117.5    177.5   1
   109.3    172.7   1
   105.9    172.0   1
   122.9    181.6   0
   117.5    182.2   1
   112.7    181.6   1
   109.3    179.5   1
   184.8    233.9   0
   164.4    232.5   1
   151.5    233.9   1
   139.2    237.3   1
   129.7    241.4   1
   120.2    248.8   1
   112.7    258.3   1
   108.0    269.2   1
   106.0    280.8   1
   107.3    293.7   1
   110.0    303.2   1
   116.8    316.8   1
   122.9    327.0   1
   127.0    332.4   1
   131.1    337.2   1
   135.9    342.6   1
   141.3    349.4   1
   148.1    358.2   1
   152.8    366.4   1
   155.6    371.1   1
   159.0    377.2   1
   161.7    385.4   1
   163.0    395.6   1
   163.0    405.1   1
   161.7    411.2   1
   160.3    414.6   1
   158.3    420.7   1
   157.6    422.1   1
   158.3    421.4   0
   161.7    414.6   1
   165.1    403.7   1
   164.4    384.0   1
   160.3    372.5   1
   150.1    355.5   1
   133.8    335.1   1
   123.6    322.2   1
   119.5    313.4   1
   115.5    304.5   1
   112.1    294.4   1
   111.4    283.5   1
   112.1    275.3   1
   114.1    267.2   1
   118.9    259.0   1
   124.3    252.2   1
   131.8    247.5   1
   137.9    244.1   1
   149.4    240.0   1
   160.3    239.3   1
   169.1    239.3   1
   177.3    240.7   1
   183.4    242.0   1
   187.5    242.0   1
   191.6    243.4   1
   193.6    244.1   1
   126.3    184.3   0
   125.0    189.7   1
   122.3    193.1   1
   116.1    195.8   1
   108.7    196.5   1
   101.2    196.5   1
    93.7    194.5   1
    80.8    189.0   1
    69.3    182.9   1
    56.3    174.1   1
    46.1    165.3   1
    35.3    155.1   1
    27.1    145.6   1
    22.4    139.4   1
    20.3    136.7   1
    16.2    132.0   1
    14.2    125.8   1
    13.5    120.4   1
    14.9    117.7   1
    19.0    112.3   1
    26.4    109.5   1
    31.9    108.9   1
    38.0    109.5   1
    38.0    110.2   1
    36.6    125.2   0
    35.3    120.4   1
    35.3    116.3   1
    36.6    112.3   1
    38.7    109.5   1
    44.1    106.8   1
    54.3    105.5   1
    63.8    107.5   1
    72.0    112.3   1
    74.7    115.7   1
    75.4    123.1   1
    73.3    128.6   1
    70.6    132.0   1
    66.5    134.7   1
    62.5    135.4   1
    79.4    121.1   0
    78.1    114.3   1
    80.1    111.6   1
    87.6    108.2   1
    96.4    107.5   1
   103.9    108.9   1
   110.7    112.3   1
   117.5    117.7   1
   120.2    126.5   1
   118.8    132.6   1
   117.5    134.0   1
   114.8    136.0   1
   110.7    136.7   1
   107.3    138.1   1
    92.3    136.0   1
    90.3    134.7   1
    77.4    116.3   0
    73.3    113.6   1
   226.2    219.6   0
   210.6    208.0   1
   195.6    195.8   1
   175.3    179.5   1
   161.7    167.3   1
   148.7    157.8   1
   137.2    148.9   1
   127.0    142.8   1
   118.2    138.1   1
   109.3    137.4   1
    99.8    136.7   0
    89.6    140.1   1
    82.8    144.9   1
    79.4    149.6   1
    78.1    151.7   1
   245.9    216.9   0
   233.7    216.2   1
   226.2    214.8   1
   218.7    212.8   1
   216.7    212.8   1
   332.2    170.0   0
   317.9    182.9   1
   302.3    194.5   1
   291.4    201.9   1
   286.7    204.6   1
   328.1    163.2   0
   324.7    170.7   1
   324.1    174.1   1
   325.4    177.5   1
   323.4    172.0   0
   308.4    168.6   1
   287.4    161.2   1
   271.1    153.0   1
   262.2    147.6   1
   259.5    144.2   1
   258.8    139.4   1
   260.2    134.0   1
   264.3    129.2   1
   275.1    123.1   1
   289.4    117.7   1
   305.7    114.3   1
   320.0    112.9   1
   322.0    111.6   1
   334.9    132.6   0
   344.4    131.3   1
   351.2    127.2   1
   353.9    123.1   1
   354.6    115.6   1
   352.6    110.9   1
   346.5    107.5   1
   341.7    106.1   1
   332.2    106.1   1
   327.4    108.8   1
   322.0    112.2   1
   356.7    140.1   0
   366.9    138.7   1
   373.0    136.7   1
   376.4    132.6   1
   377.7    127.2   1
   376.4    118.3   1
   372.3    112.9   1
   369.6    111.5   1
   364.8    110.2   1
   358.7    111.5   1
   354.6    113.6   1
   366.2    147.6   0
   378.4    145.5   1
   385.2    140.8   1
   387.9    133.3   1
   386.6    125.8   1
   381.8    121.1   1
   377.7    121.1   1
   373.0    175.4   0
   378.4    169.3   1
   379.1    162.5   1
   377.7    157.8   1
   375.0    155.0   1
   366.2    149.6   1
   360.1    146.2   1
   351.2    143.5   1
   338.3    140.1   1
   315.2    137.4   1
   310.5    138.1   1
   335.6    139.4   0
   331.5    136.7   1
   325.4    134.7   1
   341.0    210.1   0
   328.8    212.8   1
   322.7    216.9   1
   321.3    218.2   1
   338.3    219.6   0
   310.5    217.6   1
   295.5    214.8   1
   285.3    211.4   1
   292.1    214.2   0
   281.3    198.5   1
   268.3    177.5   1
   259.5    160.5   1
   249.3    140.1   1
   243.2    123.1   1
   239.1    108.8   1
   238.4    100.7   1
   258.8     86.4   0
   247.9     95.9   1
   236.4    100.0   1
   224.2    102.0   1
   213.3    103.4   1
   237.8    100.7   0
   230.3    106.1   1
   222.1    108.8   1
   214.0    108.8   1
   207.2    108.2   1
   203.8    107.5   1
   256.8     85.1   0
   262.2     86.4   1
   267.0     86.4   1
   273.8     84.4   1
   279.2     80.3   1
   282.6     74.2   1
   281.9     65.4   1
   276.5     59.9   1
   267.0     57.9   1
   260.9     58.6   1
   256.1     59.9   1
   255.4     61.3   1
   235.7     77.6   0
   242.5     77.6   1
   247.3     75.5   1
   252.7     72.1   1
   255.4     66.7   1
   254.7     57.9   1
   247.3     51.1   1
   237.7     49.0   1
   227.6     51.1   1
   222.8     55.2   1
   220.8     59.9   1
   220.8     57.2   0
   212.6     57.9   1
   209.9     62.6   0
   212.6     58.6   1
   211.9     53.1   1
   207.9     48.4   1
   199.0     44.3   1
   186.8     43.6   1
   176.6     47.0   1
   170.5     53.8   1
   169.1     57.9   1
   171.2     64.0   1
   175.2     68.8   1
   178.6     70.8   1
   182.7     71.5   1
   269.7    244.1   0
   249.3    219.6   1
   233.0    196.5   1
   218.7    176.8   1
   205.8    157.8   1
   196.3    141.5   1
   187.5    124.5   1
   182.0    114.3   1
   176.6    102.7   1
   173.2     91.2   1
   175.2     91.9   0
   169.8     85.7   1
   167.1     76.2   1
   167.1     70.8   1
   168.4     66.0   1
   170.5     64.0   1
   342.4    258.3   0
   325.4    257.0   1
   312.5    256.3   1
   292.8    257.0   1
   284.0    257.6   1
   274.5    256.3   1
   267.0    254.9   1
   261.6    251.5   1
   259.5    247.5   1
   258.8    242.7   1
   258.8    237.9   1
   259.5    235.2   1
   260.9    233.9   1
   334.3    263.1   0
   323.4    261.0   1
   318.6    258.3   1
   315.9    257.0   1
   528.6    320.8   0
   541.5    305.9   1
   550.3    300.4   1
   558.5    295.0   1
   566.0    292.9   1
   573.4    292.9   1
   577.5    294.3   1
   580.9    297.0   1
   582.9    300.4   1
   583.6    304.5   1
   582.3    308.6   1
   578.2    312.0   1
   571.4    316.7   1
   561.2    322.8   1
   553.7    327.6   1
   544.2    335.1   1
   541.5    336.4   1
   536.1    337.1   1
   529.3    334.4   1
   521.8    327.6   1
   513.0    317.4   1
   504.1    307.9   1
   496.7    297.0   1
   489.2    287.5   1
   487.8    285.5   1
   535.4    313.3   0
   523.2    304.5   1
   513.6    297.0   1
   505.5    288.9   1
   500.7    282.1   1
   455.9    306.5   0
   469.5    316.7   1
   473.6    320.8   1
   483.1    326.3   1
   490.5    330.3   1
   498.7    335.8   1
   504.1    339.2   1
   509.6    344.6   1
   514.3    350.0   1
   515.7    354.1   1
   517.0    359.5   1
   516.4    364.3   1
   513.0    367.0   1
   509.6    367.7   1
   502.8    367.0   1
   496.0    364.3   1
   486.5    360.2   1
   476.3    353.4   1
   470.8    349.4   1
   463.4    339.8   1
   457.9    333.0   1
   453.8    326.3   1
   450.5    318.8   1
   447.7    309.3   1
   445.7    295.7   1
   445.7    280.7   1
   446.4    271.2   1
   447.0    261.0   1
   449.8    245.4   1
   451.8    240.0   1
   452.5    237.9   1
   453.2    236.6   1
   454.5    236.6   1
   455.9    237.2   1
   456.6    238.6   1
   457.2    241.3   1
   457.9    244.7   1
   457.2    257.6   1
   457.2    272.6   1
   457.2    280.0   1
   459.3    287.5   1
   460.0    294.3   1
   462.7    302.5   1
   464.7    307.2   1
   466.1    311.3   1
   467.4    314.0   1
   468.8    316.1   1
   462.7    229.1   0
   462.0    237.2   1
   459.3    242.7   1
   457.9    242.7   1
   451.1    242.0   0
   449.1    237.9   1
   449.1    234.5   1
   449.1    230.4   1
   449.8    227.7   1
   451.8    224.3   1
