    69.1    379.8   0
    82.6    389.2   1
    97.1    394.3   1
   107.3    392.6   1
   121.7    384.9   1
   126.0    380.7   1
   127.7    379.8   1
   136.2    384.1   1
   144.6    385.8   1
   151.4    385.8   1
   154.8    382.4   1
   155.7    378.1   1
   154.8    372.2   1
   149.7    367.1   1
   143.8    362.0   1
   139.6    360.3   1
   143.8    351.8   1
   146.3    337.4   1
   145.5    321.2   1
   140.4    305.1   1
   124.3    286.4   1
   117.5    275.4   1
   116.6    263.5   1
   114.9    260.1   1
   103.0    255.8   1
    90.3    257.5   1
    81.8    260.9   1
    80.1    266.0   1
    78.4    273.7   1
    76.7    281.3   1
    69.1    379.8   0
    62.3    384.1   1
    57.2    389.2   1
    50.4    390.9   1
    41.9    391.7   1
    38.5    386.6   1
    38.5    380.7   1
    42.7    373.0   1
    48.7    367.1   1
    52.1    366.2   1
    54.6    361.2   1
    51.2    356.1   1
    47.8    345.0   1
    47.8    334.8   1
    50.4    325.5   1
    55.5    320.4   1
    61.4    312.7   1
    66.5    306.8   1
    69.9    300.0   1
    75.0    291.5   1
    76.7    284.7   1
    76.7    285.6   0
    77.5    277.9   1
    66.5    349.3   0
    73.3    348.4   1
    81.8    347.6   1
    82.6    346.7   1
    85.2    342.5   1
    86.9    339.1   1
    67.4    348.4   0
    71.6    343.3   1
    77.5    339.9   1
    85.2    338.2   1
    86.9    338.2   1
    75.0    348.4   0
    72.5    345.9   1
    73.3    343.3   1
    75.8    341.6   1
    79.2    340.8   1
    82.6    344.2   1
    82.6    346.7   1
   109.0    339.1   0
   111.5    346.7   1
   125.1    350.1   1
   110.7    338.2   0
   117.5    339.9   1
   126.0    347.6   1
   126.0    349.3   0
   126.8    350.1   1
   127.7    348.4   1
   114.1    347.6   0
   114.1    343.3   1
   115.8    340.8   1
   119.2    340.8   1
   121.7    345.0   1
   120.9    348.4   1
   119.2    348.4   1
    87.7    338.2   0
    88.6    324.6   1
    87.7    313.6   1
    82.6    304.2   1
    78.4    298.3   1
    75.8    287.3   1
    80.9    277.9   1
    86.9    277.9   1
    97.9    283.0   1
   100.5    288.1   1
   106.4    282.2   1
   114.9    278.8   1
   121.7    280.5   1
   126.8    290.7   1
   109.0    339.1   0
   108.1    316.1   1
   109.8    308.5   1
   119.2    300.0   1
   123.4    296.6   1
   124.3    293.2   1
   126.0    287.3   1
   100.5    289.8   0
    99.6    294.9   1
    86.9    311.9   0
    93.7    315.3   1
    98.8    315.3   1
   102.2    315.3   1
   104.7    316.1   1
   107.3    314.4   1
    86.0    307.6   0
    89.4    309.3   1
    92.8    308.5   1
    94.5    306.8   1
    96.2    303.4   1
    96.2    300.8   1
    97.9    300.0   1
   100.5    300.8   1
   102.2    301.7   1
   102.2    304.2   1
   102.2    305.9   1
   103.9    308.5   1
   105.6    308.5   1
   107.3    309.3   1
   108.1    309.3   1
   108.1    307.6   1
   109.8    307.6   1
    86.0    308.5   0
    95.4    301.7   1
   102.2    302.5   0
   109.0    306.8   1
    98.8    300.0   0
    98.8    292.4   1
    75.0    284.7   0
    76.7    261.8   1
    80.1    255.0   1
    86.9    252.4   1
    96.2    250.7   1
   104.7    249.9   1
   111.5    249.9   1
   118.3    255.8   1
   120.9    268.6   1
   120.9    273.7   1
   121.7    280.5   1
   124.3    283.0   1
   125.1    285.6   1
   125.1    286.4   1
    82.6    262.6   0
    81.8    266.0   1
    83.5    272.0   1
    85.2    274.5   1
    86.0    274.5   1
    85.2    272.0   1
    86.0    270.3   1
    86.0    266.0   1
    86.9    264.3   1
    87.7    262.6   1
    88.6    260.9   1
   110.7    273.7   0
   109.0    270.3   1
   108.1    265.2   1
   106.4    260.9   1
   105.6    259.2   1
   110.7    272.8   0
   110.7    266.9   1
   111.5    265.2   1
   111.5    262.6   1
   112.4    262.6   0
   113.2    261.8   1
    87.7    260.9   0
    91.1    257.5   1
    89.4    261.8   0
   106.4    260.1   1
    94.5    260.9   0
    97.1    260.1   0
   101.3    259.2   0
    85.2    277.1   0
   113.2    277.9   0
   112.4    267.7   1
    41.0    386.6   0
    39.3    384.9   1
    41.0    386.6   0
    47.0    386.6   1
    52.1    383.2   1
    58.0    379.0   1
    61.4    373.9   1
    62.3    372.2   1
    61.4    370.5   0
    52.9    366.2   1
   152.3    382.4   0
   147.2    383.2   1
   142.1    379.0   1
   136.2    373.0   1
   136.2    370.5   1
   137.9    362.9   1
   140.4    359.5   1
   114.9    390.9   0
   126.8    388.3   1
   137.9    389.2   1
   146.3    390.0   1
   159.9    390.0   1
   173.5    392.6   1
   190.5    392.6   1
   205.8    387.5   1
   212.6    385.8   1
   220.2    379.8   1
   225.3    374.7   1
   233.0    367.9   1
   109.8    390.9   0
   115.8    390.9   1
   119.2    258.4   0
   124.3    242.2   1
   131.9    225.3   1
   144.6    209.1   1
   153.1    202.3   1
   162.5    197.2   1
    96.2    249.0   0
   103.9    217.6   1
   110.7    191.3   1
   116.6    161.6   1
   116.6    147.1   1
   116.6    141.2   1
   116.6    141.2   1
   231.3    368.8   0
   242.3    357.8   1
   222.8    376.4   0
   244.0    374.7   1
   266.1    378.1   1
   280.5    382.4   1
   295.8    389.2   1
   321.3    390.9   1
   336.6    390.9   1
   346.8    389.2   1
   206.6    311.9   0
   213.4    293.2   1
   218.5    266.0   1
   220.2    237.1   1
   218.5    215.9   1
   221.9    201.5   1
   227.9    183.6   1
   230.4    172.6   1
   233.8    164.1   1
   233.0    153.9   1
   231.3    142.9   1
   162.5    197.2   0
   156.5    223.6   0
   167.6    193.8   1
   174.4    179.4   1
   177.8    163.3   1
   178.6    148.0   1
   178.6    142.9   1
   159.1    198.9   0
   158.2    185.3   1
   156.5    168.4   1
   154.0    150.5   1
   151.4    142.0   1
   225.3    193.8   0
   249.1    195.5   1
   264.4    200.6   1
   278.0    207.4   1
   295.8    210.0   1
   294.0    210.0   0
   307.0    210.0   1
   333.0    210.0   1
   346.0    215.0   1
   352.0    215.0   1
   347.0    390.0   0
   362.0    386.0   1
   400.0    372.0   1
   425.0    330.0   1
   427.0    302.0   1
   430.0    245.0   1
   417.0    203.0   1
   407.0    184.0   1
   406.0    169.0   1
   406.0    151.0   1
   414.0    126.0   1
   415.0    112.0   1
   419.0    100.0   1
   409.0     94.0   1
   387.0     93.0   1
   359.0     93.0   1
   343.0     94.0   1
   343.0    108.0   1
   348.0    116.0   1
   364.0    119.0   1
   373.0    121.0   1
   375.0    131.0   1
   370.0    149.0   1
   360.0    167.0   1
   356.0    176.0   1
   356.0    188.0   1
   350.0    205.0   1
   347.0    216.0   1
   347.0    234.0   1
   347.0    264.0   1
   348.0    286.0   1
   350.0    304.0   1
   351.0    311.0   1
   402.0    368.0   0
   426.0    350.0   1
   452.0    324.0   1
   475.0    315.0   1
   494.0    315.0   1
   521.0    321.0   1
   543.0    327.0   1
   568.0    337.0   1
   582.0    356.0   1
   585.0    373.0   1
   591.0    380.0   1
   602.0    374.0   1
   602.0    356.0   1
   594.0    338.0   1
   572.0    317.0   1
   552.0    309.0   1
   524.0    303.0   1
   492.0    299.0   1
   461.0    302.0   1
   441.0    309.0   1
   425.0    322.0   1
   231.0    143.0   0
   228.0    122.0   1
   214.0    103.0   1
   185.0    100.0   1
   159.0    103.0   1
   154.0    118.0   1
   165.0    125.0   1
   172.0    127.0   1
   180.0    132.0   1
   179.0    143.0   1
   153.0    142.0   0
   146.0    117.0   1
   146.0    102.0   1
   134.0     98.0   1
    99.0     99.0   1
    78.0    107.0   1
    78.0    118.0   1
    97.0    131.0   1
   109.0    131.0   1
   115.0    139.0   1
   116.0    142.0   1
   303.0    208.0   0
   303.0    183.0   1
   309.0    145.0   1
   318.0    124.0   1
   289.0    112.0   1
   291.0    101.0   1
   300.0     99.0   1
   312.0     96.0   1
   331.0     97.0   1
   337.0     99.0   1
   344.0     99.0   1
   116.0    125.0   0
    93.0    120.0   1
    89.0    118.0   1
    89.0    108.0   1
    90.0    101.0   1
   129.0    120.0   0
   115.0    118.0   1
   104.0    116.0   1
   103.0    111.0   1
   104.0    102.0   1
   104.0     99.0   1
   187.0    125.0   0
   167.0    118.0   1
   167.0    109.0   1
   167.0    102.0   1
   204.0    121.0   0
   184.0    114.0   1
   182.0    111.0   1
   182.0    103.0   1
   182.0    101.0   1
   328.0    119.0   0
   314.0    114.0   1
   306.0    111.0   1
   300.0    106.0   1
   300.0    102.0   1
   300.0     99.0   1
   340.0    117.0   0
   331.0    112.0   1
   322.0    109.0   1
   318.0    105.0   1
   318.0     99.0   1
   318.0     96.0   1
   386.0    117.0   0
   362.0    111.0   1
   357.0    107.0   1
   356.0    100.0   1
   356.0     95.0   1
   403.0    111.0   0
   387.0    109.0   1
   373.0    101.0   1
   373.0     94.0   1
