    22.7    142.3   0
    47.6    162.2   1
    72.4    172.2   1
    97.3    187.1   1
   147.1    197.1   1
   221.7    212.0   1
   271.5    212.0   1
   296.4    217.0   1
   346.2    241.9   1
   395.9    261.8   1
   404.0    267.0   1
   400.0    256.0   1
   390.9    241.9   1
   371.0    217.0   1
   383.5    204.5   1
   433.0    195.0   1
   475.5    187.1   1
   565.1    199.6   1
   545.2    167.2   1
   595.0    162.2   1
   744.3    187.1   1
   687.1    149.8   1
   674.6    154.8   1
   677.1    137.3   1
   639.8    122.4   1
   600.0     92.6   1
   595.0     67.7   1
   595.0     55.2   1
   582.5     47.8   1
   570.1     55.2   1
   557.7    117.4   1
   532.8    122.4   1
   420.8    112.5   1
   308.8     97.5   1
   316.3    117.4   1
   308.8     97.5   1
   316.3     67.7   1
   321.3     42.8   1
   296.4     47.8   1
   271.5     72.7   1
   259.1    105.0   1
   196.9     92.6   1
   147.1     97.5   1
    97.3    105.0   1
   132.0    115.0   1
   132.0    117.0   1
   117.0    123.0   1
   119.0    112.0   1
   109.8    117.4   1
   110.0    109.0   1
    97.3    112.5   1
    95.0    104.0   1
    87.0    108.0   1
   119.0    121.0   1
    97.3    122.4   1
    60.0    129.9   1
    35.1    137.3   1
    21.0    142.0   1
    22.7    142.3   0
    97.3    159.7   1
   102.3    164.7   1
   112.0    158.0   1
   101.0    154.0   0
   177.0    172.2   1
   186.9    154.8   1
   187.0    152.0   0
   196.9    154.8   1
   211.8    154.8   1
