   217.2    302.5   0
   186.2    302.5   1
   167.2    309.5   1
   141.2    315.5   1
   129.2    316.5   1
   100.2    314.5   1
    91.2    307.5   1
    78.2    302.5   1
    71.2    294.5   1
    60.2    283.5   1
    42.2    251.5   1
    33.2    223.5   1
    30.2    209.5   1
    27.2    190.5   1
    23.2    176.5   1
    20.2    154.5   1
    21.2    127.5   1
    20.2    101.5   1
    16.2     84.5   1
    14.2     71.5   1
    15.2     63.5   1
    21.2     62.5   1
    32.2     64.5   1
    38.2     72.5   1
    38.2     84.5   1
    41.2     90.5   1
    38.2    105.5   1
    36.2    111.5   1
    20.2    110.5   1
    36.2    111.5   0
    35.2    156.5   1
    22.2    152.5   1
    21.2    163.5   0
    36.2    159.5   1
    41.2    189.5   1
    31.2    199.5   1
    42.2    204.5   1
    42.2    189.5   1
    43.2    205.5   0
    52.2    239.5   1
    61.2    250.5   1
    66.2    260.5   1
    68.2    261.5   1
    70.2    263.5   1
    72.2    276.5   1
    78.2    286.5   1
    88.2    296.5   1
    90.2    305.5   1
    96.2    308.5   1
   101.2    314.5   1
    58.2    244.5   0
    58.2    227.5   1
    60.2    213.5   1
    68.2    185.5   1
    71.2    160.5   1
    69.2    146.5   1
    61.2    135.5   1
    55.2    122.5   1
    55.2     95.5   1
    59.2     58.5   1
    66.2     47.5   1
    69.2     43.5   1
   101.2     43.5   1
   106.2     49.5   1
   106.2     58.5   1
   101.2     64.5   1
    87.2     66.5   1
    79.2     65.5   1
    79.2     60.5   1
    76.2     92.5   1
    95.2    123.5   1
    95.2    167.5   1
    88.2    184.5   1
    82.2    200.5   1
    78.2    217.5   1
    71.2    231.5   1
    71.2    246.5   1
    71.2    253.5   1
    71.2    261.5   1
    70.2    265.5   1
    72.2    237.5   0
   100.2    218.5   1
    99.2    217.5   1
    87.2    213.5   1
    79.2    213.5   1
    67.2    142.5   0
    83.2    129.5   1
    59.2    127.5   1
    92.2     47.5   0
    90.2     55.5   1
    85.2     64.5   1
    81.2     64.5   1
    78.2     61.5   1
   100.2     44.5   0
   102.2     56.5   1
   100.2     62.5   1
    95.2     64.5   1
    92.2     66.5   1
    95.2    124.5   0
    91.2     78.5   1
   102.2     68.5   1
   121.2     44.5   1
   121.2     34.5   1
   172.2     34.5   1
   172.2     60.5   1
   148.2     61.5   1
   136.2     67.5   1
   132.2     82.5   1
   129.2    121.5   1
   134.2    130.5   1
   148.2    146.5   1
   162.2    164.5   1
   167.2    181.5   1
   167.2    200.5   1
   172.2    219.5   1
   172.2    230.5   1
   181.2    242.5   1
   160.2    162.5   0
   136.2    201.5   1
   159.2    194.5   1
   167.2    177.5   1
    95.2    110.5   0
   115.2    111.5   1
   119.2    116.5   1
   118.2    120.5   1
    96.2    120.5   1
    97.2    149.5   1
   110.2    150.5   1
   120.2    159.5   1
   106.2    164.5   1
    91.2    171.5   1
   153.2     37.5   0
   154.2     49.5   1
   153.2     55.5   1
   148.2     55.5   1
   163.2     37.5   0
   166.2     44.5   1
   165.2     51.5   1
   163.2     55.5   1
   157.2     57.5   1
   170.2    197.5   0
   194.2    190.5   1
   200.2    216.5   1
   203.2    186.5   1
   193.2    189.5   1
   203.2    186.5   0
   219.2    172.5   1
   225.2    182.5   1
   236.2    210.5   1
   235.2    167.5   1
   217.2    172.5   1
   236.2    168.5   0
   239.2    161.5   1
   250.2    161.5   1
   253.2    158.5   1
   273.2    158.5   1
   277.2    124.5   1
   277.2     75.5   1
   284.2     69.5   1
   297.2     52.5   1
   301.2     40.5   1
   313.2     39.5   1
   315.2     34.5   1
   343.2     35.5   1
   344.2     50.5   1
   338.2     54.5   1
   343.2     36.5   0
   352.2     37.5   1
   350.2     48.5   1
   348.2     57.5   1
   344.2     59.5   1
   350.2     36.5   0
   358.2     38.5   1
   361.2     48.5   1
   356.2     59.5   1
   352.2     65.5   1
   343.2     66.5   1
   330.2     66.5   1
   320.2     66.5   1
   314.2     79.5   1
   305.2     90.5   1
   304.2    102.5   1
   305.2    112.5   1
   305.2    117.5   1
   290.2    131.5   1
   287.2    138.5   1
   291.2    138.5   1
   308.2    131.5   1
   312.2    121.5   1
   306.2    109.5   1
   312.2    127.5   0
   310.2    149.5   1
   313.2    152.5   1
   313.2    158.5   1
   292.2    176.5   1
   291.2    179.5   1
   309.2    177.5   1
   315.2    174.5   1
   314.2    149.5   1
   314.2    176.5   1
   323.2    197.5   1
   329.2    212.5   1
   329.2    217.5   1
   303.2    237.5   1
   328.2    231.5   1
   330.2    210.5   1
   315.2    173.5   0
   340.2    184.5   1
   347.2    192.5   1
   344.2    230.5   1
   357.2    206.5   1
   352.2    196.5   1
   347.2    191.5   1
   358.2    206.5   1
   366.2    214.5   1
   368.2    229.5   1
   371.2    242.5   1
   381.2    251.5   1
   381.2    254.5   1
   381.2    256.5   1
   391.2    265.5   1
   379.2    257.5   0
   370.2    257.5   1
   361.2    249.5   1
   357.2    256.5   1
   352.2    247.5   1
   350.2    244.5   1
   349.2    261.5   1
   340.2    242.5   1
   334.2    245.5   1
   334.2    258.5   1
   333.2    271.5   1
   332.2    279.5   1
   325.2    266.5   1
   322.2    257.5   1
   317.2    269.5   1
   316.2    279.5   1
   316.2    285.5   1
   317.2    302.5   1
   318.2    308.5   1
   333.2    298.5   1
   344.2    298.5   1
   336.2    306.5   1
   327.2    316.5   1
   324.2    318.5   1
   318.2    309.5   1
   321.2    257.5   0
   328.2    232.5   1
   271.2    157.5   0
   256.2    132.5   1
   248.2    111.5   1
   240.2     95.5   1
   240.2     86.5   1
   240.2     79.5   1
   251.2     77.5   1
   264.2     82.5   1
   264.2     76.5   1
   265.2     63.5   1
   265.2     54.5   1
   249.2     52.5   1
   233.2     51.5   1
   228.2     51.5   1
   219.2     68.5   1
   215.2     75.5   1
   210.2     88.5   1
   213.2     97.5   1
   218.2    116.5   1
   220.2    124.5   1
   235.2    128.5   1
   231.2    139.5   1
   225.2    144.5   1
   225.2    169.5   1
   220.2    125.5   0
   226.2    144.5   1
   251.2     54.5   0
   249.2     69.5   1
   244.2     69.5   1
   256.2     56.5   0
   255.2     74.5   1
   249.2     73.5   1
   323.2    320.5   0
   329.2    331.5   1
   347.2    319.5   1
   343.2    328.5   1
   339.2    339.5   1
   338.2    344.5   1
   328.2    331.5   1
   339.2    345.5   0
   342.2    353.5   1
   351.2    362.5   1
   356.3    367.5   1
   351.3    364.5   1
   328.3    385.5   1
   332.2    353.5   1
   337.2    348.5   1
   332.2    346.5   1
   324.2    345.5   1
   311.2    335.5   1
   316.2    313.5   1
   301.2    320.5   1
   297.2    323.5   1
   311.2    335.5   1
   298.2    324.5   0
   283.2    312.5   1
   274.2    312.5   1
   269.2    312.5   1
   272.2    294.5   1
   272.2    274.5   1
   273.2    257.5   1
   269.2    264.5   1
   261.2    281.5   1
   256.2    291.5   1
   249.2    303.5   1
   246.2    306.5   1
   246.2    309.5   1
   257.2    315.5   1
   266.2    314.5   1
   272.2    311.5   1
   243.2    306.5   0
   233.2    296.5   1
   233.2    255.5   1
   229.2    245.5   1
   225.2    274.5   1
   219.2    286.5   1
   214.2    297.5   1
   212.2    300.5   1
   215.2    300.5   1
   226.2    300.5   1
   229.2    299.5   1
   232.2    297.5   1
   236.2    296.5   1
   211.2    301.5   0
   202.2    301.5   1
   200.2    298.5   1
   198.2    285.5   1
   199.2    271.5   1
   198.2    258.5   1
   194.2    250.5   1
   189.2    265.5   1
   189.2    285.5   1
   187.2    296.5   1
   186.2    303.5   1
   193.2    303.5   1
   200.2    301.5   1
   202.2    299.5   1
   165.2    310.5   0
   160.2    280.5   1
   159.2    271.5   1
   160.2    257.5   1
   152.2    264.5   1
   152.2    282.5   1
   150.2    298.5   1
   150.2    311.5   1
   151.2    314.5   1
   118.2    315.5   0
   120.2    275.5   1
   125.2    264.5   1
   128.2    256.5   1
   118.2    269.5   1
   112.2    285.5   1
   103.2    294.5   1
   100.2    303.5   1
   100.2    310.5   1
   100.2    312.5   1
   366.2    298.5   0
   381.2    284.5   1
   387.2    271.5   1
   393.2    259.5   1
   400.2    247.5   1
   410.2    239.5   1
   419.2    237.5   1
   431.2    237.5   1
   444.2    242.5   1
   454.2    246.5   1
   459.2    256.5   1
   453.2    273.5   1
   449.2    286.5   1
   447.2    292.5   1
   436.2    292.5   1
   430.2    295.5   1
   429.2    297.5   1
   428.2    300.5   1
   425.2    291.5   1
   422.2    283.5   1
   412.2    279.5   1
   399.2    279.5   1
   395.2    289.5   1
   389.2    297.5   1
   385.2    305.5   1
   383.2    317.5   1
   380.2    325.5   1
   380.2    328.5   1
   382.2    332.5   1
   375.2    332.5   1
   373.2    323.5   1
   370.2    313.5   1
   368.2    306.5   1
   368.2    301.5   1
   369.2    295.5   1
   428.2    296.5   0
   426.2    301.5   1
   416.2    305.5   1
   418.2    310.5   1
   418.2    314.5   1
   410.2    314.5   1
   406.2    314.5   1
   409.2    308.5   1
   413.2    307.5   1
   420.2    306.5   1
   407.2    313.5   0
   400.2    321.5   1
   406.2    325.5   1
   415.2    325.5   1
   429.2    327.5   1
   437.2    326.5   1
   450.2    326.5   1
   445.2    320.5   1
   446.2    317.5   1
   439.2    317.5   1
   435.2    316.5   1
   435.2    311.5   1
   431.2    306.5   1
   427.2    306.5   1
   430.2    305.5   1
   428.2    297.5   1
   429.2    294.5   1
   434.2    307.5   0
   440.2    310.5   1
   445.2    314.5   1
   445.2    317.5   1
   450.2    293.5   0
   453.2    298.5   1
   454.2    305.5   1
   455.2    313.5   1
   453.2    320.5   1
   450.2    329.5   1
   448.2    333.5   1
   443.2    333.5   1
   436.2    337.5   1
   432.2    338.5   1
   420.2    334.5   1
   410.2    333.5   1
   405.2    332.5   1
   400.2    322.5   1
   399.2    324.5   0
   398.2    330.5   1
   394.2    334.5   1
   390.2    335.5   1
   379.2    334.5   1
   381.2    326.5   1
   381.2    321.5   1
   405.2    335.5   0
   400.2    338.5   1
   397.2    339.5   1
   397.2    345.5   0
   393.2    339.5   1
   387.2    339.5   1
   381.2    343.5   1
   379.2    350.5   1
   380.2    355.5   1
   386.2    355.5   1
   392.2    353.5   1
   395.2    350.5   1
   397.2    346.5   1
   397.2    344.5   1
   396.2    348.5   0
   392.2    348.5   1
   387.2    348.5   1
   385.2    351.5   1
   385.2    352.5   1
   386.2    355.5   1
   406.2    342.5   0
   418.2    341.5   1
   425.2    340.5   1
   431.2    340.5   1
   436.2    336.5   1
   445.2    334.5   1
   451.2    329.5   1
   450.2    324.5   1
   406.2    346.5   0
   404.2    356.5   1
   400.2    355.5   1
   402.2    363.5   1
   401.3    371.5   1
   391.3    377.5   1
   382.3    383.5   1
   381.3    393.5   1
   374.3    406.5   1
   368.3    411.5   1
   370.3    406.5   1
   378.3    399.5   1
   381.3    390.5   1
   383.3    382.5   1
   384.3    372.5   1
   398.3    370.5   1
   400.3    370.5   1
   402.3    369.5   1
   402.3    373.5   0
   395.3    382.5   1
   391.3    393.5   1
   391.3    401.5   1
   394.3    406.5   1
   399.3    412.5   1
   405.3    415.5   1
   403.3    408.5   1
   396.3    402.5   1
   396.3    394.5   1
   397.3    388.5   1
   398.3    381.5   1
   400.3    379.5   1
   408.2    348.5   0
   413.2    353.5   1
   418.2    354.5   1
   420.2    352.5   1
   416.2    348.5   1
   417.2    346.5   1
   407.2    345.5   1
   409.2    349.5   0
   413.2    350.5   1
   416.2    350.5   1
   417.2    352.5   1
   422.2    343.5   0
   421.2    350.5   1
   421.2    357.5   1
   423.2    361.5   1
   420.2    363.5   1
   418.2    363.5   1
   426.2    363.5   1
   427.3    365.5   1
   431.3    375.5   1
   431.3    381.5   1
   431.3    387.5   1
   432.3    394.5   1
   433.3    396.5   1
   432.3    395.5   0
   422.3    387.5   1
   419.3    382.5   1
   418.3    376.5   1
   418.3    372.5   1
   424.3    375.5   1
   426.3    380.5   1
   426.3    387.5   1
   425.3    392.5   1
   433.3    397.5   0
   432.3    403.5   1
   426.3    404.5   1
   418.3    399.5   1
   414.3    393.5   1
   411.3    391.5   1
   408.3    387.5   1
   418.2    364.5   0
   418.3    372.5   1
   415.3    380.5   1
   413.3    386.5   1
   409.3    390.5   1
   400.3    392.5   1
   397.3    393.5   1
   388.3    394.5   1
   378.3    392.5   1
   369.3    387.5   1
   362.3    378.5   1
   362.3    373.5   1
   362.3    375.5   1
   354.3    384.5   1
   339.3    392.5   1
   332.3    396.5   1
   328.3    397.5   1
   328.3    396.5   1
   326.3    390.5   1
   327.3    381.5   1
   330.3    373.5   1
   330.3    364.5   1
   333.2    359.5   1
   333.2    353.5   1
   384.2    259.5   0
   373.2    252.5   1
   366.2    255.5   1
   358.2    248.5   1
   356.2    255.5   1
   350.2    243.5   1
   349.2    259.5   1
   349.2    260.5   1
   273.2    158.5   0
   267.2    169.5   1
   263.2    183.5   1
   259.2    199.5   1
   258.2    207.5   1
   261.2    218.5   1
   266.2    226.5   1
   270.2    235.5   1
   271.2    238.5   1
