   192.4    166.4   0
   206.1    170.3   1
   224.2    173.5   1
   236.3    169.9   1
   248.6    161.3   1
   253.4    150.6   1
   235.3    147.4   1
   247.8    149.6   0
   249.8    142.1   1
   248.0    136.0   1
   241.8    130.6   1
   230.1    127.9   1
   221.5    127.8   1
   210.7    128.0   1
   202.7    128.8   1
   181.2    173.1   0
   196.8    162.2   1
   201.4    147.9   1
   203.1    138.2   1
   202.9    127.4   1
   197.2    119.2   1
   189.2    111.3   1
   178.8    105.2   1
   164.9    102.7   1
   148.7    100.6   1
   129.0     98.5   1
   182.0    172.5   0
   154.0    184.8   1
   136.3    187.4   1
   110.2    185.0   1
    89.2    177.7   1
    74.6    170.8   1
    56.8    154.0   1
    52.2    147.5   1
    53.1    138.3   1
    58.1    126.3   1
    70.2    110.4   1
    95.7     96.3   1
   132.6     98.5   1
   204.0    129.0   0
   218.5    120.1   1
   237.0    113.3   1
   251.0    107.1   1
   262.1     96.9   1
   265.2     87.4   1
   265.0     76.6   1
   259.8     69.2   1
   252.3     67.1   1
   244.0     69.3   1
   235.6     76.4   1
   226.4     87.7   1
   214.1     96.3   1
   200.7    103.3   1
   192.2    106.8   1
   184.9    103.4   1
   170.0     97.9   1
   141.4     93.5   1
   116.1     90.5   1
   100.7     96.4   1
   114.4     91.7   0
   107.8     80.4   1
    98.4     72.3   1
    86.6     66.0   1
    71.0     61.0   1
    60.7     58.5   1
    50.8     61.8   1
    44.0     67.8   1
    40.6     78.7   1
    52.3     93.6   1
    64.7    100.9   1
    76.7    105.9   1
    77.9    107.5   1
    55.9    130.2   0
    45.5    111.8   1
    37.5    100.4   1
    71.4    103.5   1
   182.0    172.5   0
   193.5    188.9   1
   199.5    207.9   1
   197.7    226.3   1
   186.5    236.5   1
   181.0    235.5   1
   173.9    230.7   1
   171.2    221.6   1
   170.4    210.0   1
   167.7    200.9   1
   161.7    194.1   1
   155.7    187.3   1
   230.9    163.9   0
   236.4    161.3   1
   237.2    157.1   1
   231.0    155.3   1
   226.1    158.7   1
   230.1    164.5   1
   231.7    163.3   1
   231.4    161.1   0
   233.3    158.6   1
   231.4    161.1   1
   231.7    159.7   1
   233.1    160.0   1
   191.3    107.4   0
   185.9    110.0   1
    56.5    131.0   0
    48.4    128.1   1
    34.2    127.1   1
    27.1    130.8   1
    19.2    138.8   1
    16.1    148.3   1
    26.4    159.4   1
    40.5    160.5   1
    56.3    160.4   1
    66.1    162.1   1
   178.0    105.7   0
   177.3    101.3   1
   166.3    103.0   0
   166.4     98.0   1
