   150.0    238.0   0
   175.0    253.0   1
   189.0    260.0   1
   189.0    260.0   1
   206.0    275.0   1
   206.0    275.0   1
   220.0    285.0   1
   231.0    293.0   1
   231.0    293.0   1
   246.0    301.0   1
   246.0    301.0   1
   257.0    310.0   1
   257.0    310.0   1
   280.0    319.0   1
   280.0    319.0   1
   295.0    323.0   1
   295.0    323.0   1
   313.0    325.0   1
   313.0    325.0   1
   333.0    327.0   1
   347.0    325.0   1
   361.0    325.0   1
   373.0    324.0   1
   373.0    324.0   1
   383.0    320.0   1
   383.0    320.0   1
   392.0    317.0   1
   392.0    317.0   1
   403.0    312.0   1
   403.0    312.0   1
   417.0    301.0   1
   417.0    301.0   1
   428.0    282.0   1
   439.0    267.0   1
   439.0    267.0   1
   442.0    256.0   1
   442.0    256.0   1
   447.0    247.0   1
   447.0    247.0   1
   448.0    236.0   1
   451.0    226.0   1
   451.0    226.0   1
   457.0    215.0   1
   457.0    215.0   1
   463.0    199.0   1
   463.0    199.0   1
   472.0    189.0   1
   472.0    189.0   1
   481.0    184.0   1
   481.0    184.0   1
   477.0    177.0   1
   466.0    170.0   1
   466.0    170.0   1
   447.0    167.0   1
   431.0    165.0   1
   415.0    161.0   1
   396.0    159.0   1
   379.0    157.0   1
   362.0    156.0   1
   348.0    156.0   1
   325.0    162.0   1
   306.0    162.0   1
   289.0    163.0   1
   244.0    172.0   1
   244.0    172.0   1
   232.0    177.0   1
   222.0    180.0   1
   211.0    183.0   1
   211.0    183.0   1
   189.0    193.0   1
   176.0    202.0   1
   176.0    202.0   1
   169.0    208.0   1
   169.0    208.0   1
   157.0    221.0   1
   157.0    221.0   1
   148.0    227.0   1
   148.0    227.0   1
   146.0    233.0   1
   170.0    208.0   0
   177.0    232.0   1
   180.0    231.0   0
   208.0    230.0   1
   214.0    204.0   1
   209.0    228.0   0
   223.0    249.0   1
   218.0    203.0   0
   242.0    210.0   1
   250.0    186.0   1
   249.0    207.0   0
   282.0    203.0   1
   286.0    167.0   1
   285.0    205.0   0
   320.0    213.0   1
   332.0    163.0   1
   330.0    189.0   0
   360.0    211.0   1
   389.0    190.0   1
   395.0    161.0   1
   390.0    192.0   0
   426.0    196.0   1
   423.0    193.0   0
   456.0    214.0   1
   423.0    194.0   0
   405.0    227.0   1
   441.0    255.0   1
   399.0    227.0   0
   361.0    211.0   1
   322.0    214.0   0
   355.0    242.0   1
   361.0    209.0   1
   356.0    242.0   0
   320.0    271.0   1
   356.0    295.0   1
   386.0    256.0   1
   428.0    279.0   1
   387.0    255.0   0
   401.0    226.0   1
   355.0    240.0   0
   386.0    254.0   1
   318.0    266.0   0
   289.0    249.0   1
   351.0    238.0   1
   319.0    214.0   0
   290.0    247.0   1
   283.0    202.0   1
   252.0    241.0   1
   290.0    281.0   1
   249.0    281.0   1
   316.0    305.0   1
   290.0    280.0   0
   291.0    249.0   1
   253.0    238.0   1
   255.0    239.0   0
   234.0    229.0   1
   243.0    208.0   1
   355.0    294.0   0
   381.0    298.0   1
   480.0    178.0   0
   514.0    144.0   1
   514.0    144.0   1
   523.0    135.0   1
   534.0    117.0   1
   534.0    117.0   1
   528.0    111.0   1
   528.0    111.0   1
   522.0    104.0   1
   522.0    104.0   1
   512.0    100.0   1
   512.0    100.0   1
   499.0     94.0   1
   499.0     94.0   1
   493.0     93.0   1
   493.0     93.0   1
   487.0     92.0   1
   487.0     92.0   1
   483.0     96.0   1
   483.0     96.0   1
   481.0    100.0   1
   473.0    121.0   1
   461.0    133.0   1
   453.0    147.0   1
   485.0     89.0   0
   502.0     80.0   1
   502.0     80.0   1
   514.0     81.0   1
   514.0     81.0   1
   526.0     84.0   1
   526.0     84.0   1
   527.0     87.0   1
   527.0     87.0   1
   527.0     88.0   1
   527.0     88.0   1
   517.0     90.0   1
   517.0     90.0   1
   505.0     95.0   1
   526.0     84.0   0
   526.0     84.0   1
   539.0     91.0   1
   539.0     91.0   1
   542.0     92.0   1
   542.0     92.0   1
   547.0     95.0   1
   525.0    101.0   1
   525.0    101.0   1
   545.0     94.0   1
   560.0    104.0   1
   544.0    112.0   1
   536.0    118.0   1
   448.0    149.0   0
   448.0    149.0   1
   442.0    147.0   1
   428.0    144.0   1
   428.0    144.0   1
   415.0    143.0   1
   402.0    141.0   1
   402.0    141.0   1
   366.0    138.0   1
   366.0    138.0   1
   337.0    139.0   1
   322.0    144.0   1
   322.0    144.0   1
   293.0    144.0   1
   293.0    144.0   1
   254.0    160.0   1
   243.0    168.0   0
   215.0    162.0   1
   215.0    162.0   1
   204.0    152.0   1
   199.0    136.0   1
   199.0    136.0   1
   202.0    132.0   1
   202.0    132.0   1
   219.0    113.0   1
   219.0    113.0   1
   223.0    106.0   1
   223.0    106.0   1
   230.0    102.0   1
   230.0    102.0   1
   237.0     92.0   1
   238.0     85.0   1
   238.0     85.0   1
   234.0     74.0   1
   234.0     74.0   1
   232.0     68.0   1
   232.0     68.0   1
   232.0     64.0   1
   247.0     65.0   1
   247.0     65.0   1
   251.0     66.0   1
   251.0     66.0   1
   260.0     72.0   1
   260.0     72.0   1
   267.0     79.0   1
   267.0     79.0   1
   268.0     96.0   1
   268.0     96.0   1
   262.0    110.0   1
   262.0    105.0   1
   262.0    105.0   1
   247.0    131.0   1
   245.0    135.0   1
   247.0    147.0   1
   247.0    147.0   1
   249.0    151.0   1
   249.0    151.0   1
   251.0    158.0   1
   251.0    158.0   1
   230.0     70.0   0
   230.0     70.0   1
   221.0     60.0   1
   224.0     51.0   1
   224.0     51.0   1
   231.0     51.0   1
   231.0     51.0   1
   233.0     51.0   1
   233.0     51.0   1
   242.0     59.0   1
   234.0     48.0   0
   234.0     48.0   1
   242.0     52.0   1
   242.0     52.0   1
   254.0     55.0   1
   254.0     55.0   1
   261.0     62.0   1
   261.0     62.0   1
   258.0     55.0   0
   258.0     55.0   1
   269.0     63.0   1
   269.0     63.0   1
   277.0     69.0   1
   268.0     81.0   1
   145.0    223.0   0
   145.0    223.0   1
   142.0    223.0   1
   142.0    223.0   1
   131.0    218.0   1
   131.0    218.0   1
   121.0    216.0   1
   121.0    216.0   1
   112.0    214.0   1
   112.0    214.0   1
   100.0    215.0   1
   100.0    215.0   1
    93.0    222.0   1
    93.0    222.0   1
    73.0    233.0   1
    61.0    231.0   1
    61.0    231.0   1
    55.0    227.0   1
    55.0    227.0   1
    40.0    217.0   1
    40.0    217.0   1
    29.0    211.0   1
    29.0    211.0   1
    24.0    204.0   1
    24.0    204.0   1
    24.0    200.0   1
    24.0    200.0   1
    22.0    195.0   1
    22.0    195.0   1
    23.0    193.0   1
    23.0    193.0   1
    31.0    188.0   1
    31.0    188.0   1
    35.0    186.0   1
    35.0    186.0   1
    52.0    183.0   1
    52.0    183.0   1
    60.0    181.0   1
    60.0    181.0   1
    71.0    179.0   1
    71.0    179.0   1
    82.0    179.0   1
    87.0    179.0   1
    87.0    179.0   1
   102.0    185.0   1
   102.0    185.0   1
   115.0    185.0   1
   115.0    185.0   1
   125.0    185.0   1
   125.0    185.0   1
   140.0    184.0   1
   140.0    184.0   1
   166.0    184.0   1
   166.0    184.0   1
   180.0    184.0   1
   180.0    184.0   1
   191.0    184.0   1
   191.0    184.0   1
   156.0    182.0   0
   156.0    182.0   1
   152.0    177.0   1
   152.0    177.0   1
   144.0    169.0   1
   144.0    169.0   1
   139.0    166.0   1
   139.0    166.0   1
   127.0    152.0   1
   127.0    152.0   1
   129.0    138.0   1
   129.0    138.0   1
   133.0    124.0   1
   133.0    124.0   1
   136.0    113.0   1
   136.0    113.0   1
   137.0    102.0   1
   137.0    102.0   1
   134.0     92.0   1
   134.0     92.0   1
   145.0     85.0   1
   157.0     90.0   1
   157.0     90.0   1
   172.0     92.0   1
   172.0     92.0   1
   177.0     93.0   1
   177.0     93.0   1
   179.0    105.0   1
   179.0    105.0   1
   178.0    108.0   1
   177.0    112.0   1
   177.0    112.0   1
   170.0    126.0   1
   170.0    126.0   1
   169.0    144.0   1
   169.0    144.0   1
   171.0    148.0   1
   171.0    148.0   1
   181.0    152.0   1
   181.0    152.0   1
   191.0    157.0   1
   191.0    157.0   1
   212.0    157.0   1
   198.0    157.0   0
   198.0    157.0   1
   187.0    161.0   1
   187.0    161.0   1
   177.0    172.0   1
   177.0    172.0   1
   172.0    176.0   1
   137.0     99.0   0
   137.0     99.0   1
   144.0    102.0   1
   144.0    102.0   1
   146.0    100.0   1
   146.0    100.0   1
   149.0     91.0   1
   149.0     99.0   0
   149.0     99.0   1
   157.0    103.0   1
   157.0    103.0   1
   162.0     99.0   1
   162.0     99.0   1
   164.0    104.0   0
   164.0    104.0   1
   173.0    106.0   1
   158.0    169.0   0
   148.0    158.0   1
   144.0    148.0   1
   147.0    129.0   0
   147.0    114.0   1
   165.0    118.0   0
   167.0    164.0   1
    28.0    190.0   0
    58.0    191.0   1
    53.0    214.0   0
    53.0    211.0   1
    53.0    211.0   1
    53.0    209.0   1
    53.0    209.0   1
    59.0    207.0   1
    59.0    207.0   1
    61.0    210.0   1
    61.0    210.0   1
    59.0    213.0   1
    59.0    213.0   1
    56.0    214.0   1
   148.0    194.0   0
   173.0    189.0   1
   219.0    149.0   0
   219.0    149.0   1
   218.0    144.0   1
   218.0    144.0   1
   215.0    135.0   1
   215.0    135.0   1
   222.0    127.0   1
   222.0    127.0   1
   229.0    118.0   1
   229.0    118.0   1
   236.0    104.0   1
   236.0    104.0   1
   231.0    140.0   0
   234.0    128.0   1
   234.0    128.0   1
   243.0    112.0   1
   243.0    112.0   1
   244.0     71.0   0
   244.0     71.0   1
   253.0     81.0   1
   253.0     81.0   1
   457.0    152.0   0
   457.0    152.0   1
   471.0    138.0   1
   471.0    138.0   1
   485.0    123.0   1
   485.0    123.0   1
   494.0    108.0   1
   477.0    152.0   0
   482.0    142.0   1
   482.0    142.0   1
   496.0    129.0   1
   496.0    129.0   1
   490.0    154.0   0
   495.0    143.0   1
   506.0    133.0   1
   506.0    133.0   1
   518.0    122.0   1
   522.0    118.0   1
   528.0    115.0   1
   373.0    145.0   0
   385.0    146.0   1
   400.0    146.0   1
   413.0    148.0   1
   413.0    148.0   1
   429.0    227.0   0
   429.0    227.0   1
   428.0    213.0   1
   442.0    214.0   1
   442.0    214.0   1
   443.0    229.0   1
   443.0    229.0   1
   402.0    250.0   0
   402.0    250.0   1
   409.0    248.0   1
   420.0    250.0   1
   420.0    250.0   1
   430.0    267.0   1
   412.0    258.0   1
   412.0    258.0   1
   375.0    236.0   0
   370.0    226.0   1
   370.0    226.0   1
   383.0    227.0   1
   383.0    227.0   1
   382.0    235.0   1
   333.0    212.0   0
   332.0    201.0   1
   343.0    207.0   1
   355.0    218.0   1
   355.0    218.0   1
   351.0    225.0   1
   337.0    214.0   1
   337.0    214.0   1
   350.0    176.0   0
   350.0    176.0   1
   372.0    167.0   1
   372.0    167.0   1
   369.0    191.0   1
   369.0    191.0   1
   346.0    187.0   1
   346.0    187.0   1
   406.0    179.0   0
   406.0    179.0   1
   414.0    173.0   1
   414.0    173.0   1
   420.0    178.0   1
   420.0    178.0   1
   408.0    185.0   1
   438.0    186.0   0
   438.0    186.0   1
   448.0    174.0   1
   448.0    174.0   1
   462.0    182.0   1
   462.0    182.0   1
   446.0    197.0   1
   446.0    197.0   1
   291.0    190.0   0
   295.0    175.0   1
   305.0    172.0   1
   317.0    176.0   1
   318.0    190.0   1
   293.0    200.0   1
   293.0    200.0   1
   266.0    198.0   0
   266.0    198.0   1
   262.0    181.0   1
   262.0    181.0   1
   273.0    181.0   1
   273.0    181.0   1
   266.0    193.0   1
   220.0    202.0   0
   220.0    202.0   1
   233.0    186.0   1
   233.0    186.0   1
   239.0    197.0   1
   239.0    197.0   1
   186.0    219.0   0
   187.0    207.0   1
   187.0    207.0   1
   198.0    204.0   1
   198.0    204.0   1
   206.0    219.0   1
   192.0    220.0   1
   155.0    235.0   0
   155.0    235.0   1
   166.0    220.0   1
   166.0    220.0   1
   163.0    233.0   1
   187.0    248.0   0
   187.0    248.0   1
   201.0    245.0   1
   201.0    245.0   1
   186.0    247.0   1
   212.0    272.0   0
   212.0    272.0   1
   225.0    269.0   1
   225.0    269.0   1
   232.0    284.0   1
   220.0    275.0   1
   265.0    292.0   0
   281.0    298.0   1
   287.0    303.0   1
   284.0    310.0   1
   261.0    305.0   1
   261.0    305.0   1
   251.0    289.0   1
   262.0    292.0   1
   343.0    271.0   0
   343.0    271.0   1
   346.0    256.0   1
   356.0    251.0   1
   366.0    258.0   1
   366.0    258.0   1
   361.0    274.0   1
   361.0    274.0   1
   310.0    254.0   0
   310.0    254.0   1
   324.0    249.0   1
   324.0    249.0   1
   331.0    249.0   1
   331.0    249.0   1
   317.0    259.0   1
   317.0    259.0   1
   309.0    234.0   0
   318.0    225.0   1
   327.0    227.0   1
   327.0    227.0   1
   329.0    236.0   1
   319.0    239.0   1
   308.0    237.0   1
   296.0    225.0   0
   296.0    225.0   1
   297.0    212.0   1
   297.0    212.0   1
   305.0    219.0   1
   277.0    237.0   1
   277.0    237.0   1
   275.0    218.0   1
   275.0    218.0   1
   273.0    230.0   1
   273.0    230.0   1
   251.0    222.0   0
   251.0    222.0   1
   260.0    213.0   1
   260.0    213.0   1
   255.0    225.0   1
   232.0    247.0   0
   232.0    247.0   1
   238.0    238.0   1
   238.0    238.0   1
   240.0    246.0   1
   240.0    246.0   1
   236.0    246.0   1
   251.0    266.0   0
   252.0    254.0   1
   252.0    254.0   1
   270.0    271.0   1
   270.0    271.0   1
   252.0    269.0   1
   268.0    249.0   0
   268.0    249.0   1
   276.0    260.0   1
   276.0    260.0   1
   277.0    250.0   1
   277.0    250.0   1
   298.0    288.0   0
   294.0    270.0   1
   294.0    270.0   1
   313.0    268.0   1
   307.0    283.0   1
   307.0    283.0   1
   304.0    319.0   0
   295.0    312.0   1
   296.0    307.0   1
   308.0    307.0   1
   329.0    319.0   1
   322.0    323.0   1
   306.0    318.0   1
   328.0    302.0   0
   324.0    286.0   1
   324.0    286.0   1
   339.0    295.0   1
   339.0    295.0   1
   338.0    303.0   1
   326.0    306.0   1
   359.0    314.0   0
   358.0    303.0   1
   374.0    308.0   1
   374.0    308.0   1
   363.0    316.0   1
   395.0    293.0   0
   395.0    293.0   1
   399.0    277.0   1
   399.0    277.0   1
   410.0    291.0   1
   410.0    291.0   1
   398.0    303.0   1
