   201.7    419.1   0
   212.0    421.3   1
   225.3    417.6   1
   239.3    409.5   1
   252.6    399.9   1
   263.6    391.8   1
   268.1    388.8   1
   268.8    375.6   1
   271.0    366.0   1
   262.9    366.0   1
   257.0    365.2   1
   249.6    361.6   1
   244.5    359.3   1
   239.3    373.4   1
   231.2    383.7   1
   223.8    390.3   1
   217.9    394.7   1
   209.8    400.6   1
   201.7    405.1   1
   192.9    409.5   1
   189.2    411.7   1
   186.2    412.4   1
   201.0    419.1   1
   270.3    366.7   0
   259.2    377.8   1
   250.4    385.9   1
   243.0    391.8   1
   234.1    397.7   1
   223.1    404.3   1
   210.5    410.2   1
   196.5    412.4   1
   188.4    412.4   1
   187.0    412.4   1
   187.7    411.7   1
   265.8    391.0   0
   269.5    393.3   1
   275.4    393.3   1
   282.8    391.8   1
   291.6    385.9   1
   302.0    377.0   1
   307.1    364.5   1
   310.8    347.5   1
   313.8    319.5   1
   312.3    295.9   1
   300.5    302.6   1
   285.7    304.8   1
   263.6    304.8   1
   250.4    304.8   1
   228.2    300.4   1
   220.9    298.2   1
   229.0    315.1   1
   239.3    326.9   1
   245.2    334.3   1
   250.4    342.4   1
   250.4    348.3   1
   245.2    360.1   1
   312.3    297.4   0
   324.1    287.1   1
   348.4    265.0   1
   369.8    239.2   1
   391.2    208.9   1
   403.0    180.2   1
   406.6    137.4   1
   405.9     98.3   1
   312.3    297.4   0
   302.0    297.4   1
   290.9    293.7   1
   275.4    280.5   1
   273.2    265.7   1
   273.2    245.8   1
   278.4    227.4   1
   294.6    204.5   1
   317.4    172.8   1
   338.8    147.7   1
   356.5    126.4   1
   367.6     99.8   1
   380.8     68.8   1
   388.9     54.8   1
   405.9     98.3   1
   220.1    297.4   0
   212.0    281.2   1
   207.6    267.2   1
   204.6    252.4   1
   198.7    226.6   1
   198.0    211.2   1
   199.5    199.4   1
   204.6    183.9   1
   212.7    171.3   1
   231.9    155.1   1
   253.3    135.2   1
   287.2    116.0   1
   309.3    115.3   1
   324.1    115.3   1
   335.9    114.6   1
   354.3    110.1   1
   367.6    100.5   1
   407.4    117.5   0
   415.5    107.2   1
   419.9    100.5   1
   425.8     86.5   1
   426.5     77.7   1
   417.0     74.0   1
   407.4     69.6   1
   401.5     62.9   1
   391.9     62.9   1
   426.5     78.4   0
   453.8     46.7   1
   401.5     62.9   0
   422.1     46.0   1
   391.9     62.9   0
   368.3    129.3   1
   395.6     74.7   0
   374.9    142.6   1
   400.0     86.5   0
   387.5    133.7   1
   405.9     98.3   0
   401.5     96.9   1
   399.3    100.5   1
   388.9    147.0   1
   283.5    287.1   0
   294.6    286.3   1
   306.4    278.2   1
   312.3    270.9   1
   308.6    281.9   1
   303.4    287.1   1
   290.2    292.2   1
   278.4    382.2   0
   282.1    382.9   1
   285.0    381.5   1
   286.5    377.0   1
   285.0    374.8   1
   282.1    374.1   1
   279.1    374.8   1
   276.9    377.8   1
   277.6    380.7   1
   278.4    381.5   1
   281.3    380.0   0
   282.8    379.2   1
   282.1    377.8   1
   280.6    377.8   1
   280.6    378.5   1
   280.6    379.2   1
   282.1    378.5   1
   281.3    378.5   0
   282.1    378.5   1
   266.6    388.8   0
   266.6    382.2   1
   267.3    380.0   1
   267.3    374.8   1
   268.8    369.7   1
   268.8    367.5   1
   257.7    367.5   1
   245.2    361.6   1
   243.7    360.8   1
   281.3    120.5   0
   253.3    115.3   1
   244.4    110.1   1
   243.0    102.8   1
   245.9    101.3   1
   251.1    101.3   1
   256.2    105.0   1
   258.4    109.4   1
   259.2    105.7   1
   257.7    103.5   1
   254.0    100.6   1
   252.5     99.1   1
   245.9     98.3   1
   236.3     99.8   1
   271.7    124.9   0
   252.5    119.7   1
   244.4    118.3   1
   238.5    110.9   1
   237.8    101.3   1
   237.8    100.6   1
   237.8     99.8   0
   239.3     95.4   1
   242.2     93.9   1
   248.9     94.7   1
   254.8    100.6   1
   251.1     95.4   0
   257.0     99.8   1
   257.7     97.6   1
   251.8     93.2   1
   246.6     90.2   1
   238.5     91.0   1
   237.8     97.6   1
   214.2    190.5   0
   215.0    184.6   1
   219.4    178.7   1
   226.0    177.2   1
   232.6    181.7   1
   236.3    186.1   1
   237.8    183.1   1
   234.9    179.4   1
   229.7    175.8   1
   225.3    173.6   1
   218.6    174.3   1
   234.9    179.4   0
   243.7    186.8   1
   243.7    183.1   1
   238.5    175.8   1
   229.7    172.1   1
   226.0    169.9   1
   222.3    169.9   1
   237.8    174.3   0
   232.6    170.6   1
   226.0    167.7   1
   218.6    167.7   1
   214.2    167.7   1
   209.1    175.0   1
   213.5    189.0   1
   220.1    262.0   0
   224.5    242.1   1
   224.5    222.2   1
   223.8    206.7   1
   215.0    188.3   1
   209.1    174.3   0
   197.3    156.6   1
   202.4    133.7   1
   200.9    123.4   1
   185.5    108.7   1
   166.3    113.8   1
   149.3    129.3   1
   139.7    148.5   1
   133.8    169.1   1
   119.1    195.7   1
    72.7    234.8   1
    45.4    254.7   1
    34.3    271.6   1
    37.3    257.6   1
    43.2    253.2   1
    85.9    220.0   1
   111.0    198.6   1
   121.3    183.9   1
   131.6    163.2   1
   135.3    148.5   1
   145.6    126.4   1
   163.3    110.9   1
   185.5    103.5   1
   194.3     82.1   1
   203.9     71.8   1
   220.9    262.8   0
   226.0    263.5   1
   231.2    254.7   1
   236.3    245.8   1
   247.4    239.9   1
   262.9    244.3   1
   284.3    256.1   1
   303.4    265.0   1
   313.0    265.0   1
   321.9    255.4   1
   317.4    254.6   1
   312.3    260.5   1
   304.2    261.3   1
   285.7    253.2   1
   265.8    241.4   1
   248.1    235.5   1
   234.9    240.6   1
   233.4    208.2   1
   221.6    180.2   1
   216.4    168.4   0
   206.8    152.9   1
   211.3    122.7   1
   196.5    110.1   1
   197.2     97.6   1
   203.1     82.9   1
   212.0     98.3   1
   238.5    110.9   1
   245.9    110.9   0
   262.1    115.3   1
   278.4    116.0   1
   310.8    126.4   1
   313.7    146.3   1
   323.3    150.7   1
   322.6    145.5   1
   318.9    139.6   1
   316.7    128.6   1
   315.2    121.9   1
   298.3    117.5   1
   282.0    112.4   1
   262.9    110.9   1
   257.0    108.7   1
   247.4     91.0   0
   238.5     79.2   1
   226.0    189.8   0
   228.2    186.1   1
   220.8    178.7   1
   226.7    191.2   0
   233.4    186.8   1
   230.4    182.4   1
   226.7    179.4   1
   223.8    175.8   1
   224.5    176.5   0
   223.8    175.0   1
   231.9    182.4   0
   226.7    173.6   1
   222.3    169.9   1
   219.4    171.3   1
   229.7    177.2   0
   236.3    186.1   1
   248.1    189.0   1
   252.6    189.0   1
   243.0    180.2   1
   229.7    169.1   1
   223.8    170.6   1
   241.5    178.7   0
   241.5    180.2   1
   243.7    182.4   1
   243.7    186.1   1
   240.8    184.6   1
   237.8    182.4   1
   236.3    186.1   1
   230.4    178.7   1
   251.8    188.3   0
   239.3    181.7   1
   226.0    172.1   1
   243.0    180.2   0
   238.5    175.0   1
   243.7    180.9   1
   321.9    255.4   0
   330.0    259.1   1
   341.8    259.1   1
   349.1    253.2   1
   355.8    243.6   1
   363.9    237.7   1
   360.2    236.2   1
   355.0    236.2   1
   347.7    237.7   1
   341.8    243.6   1
   334.4    243.6   1
   327.8    247.3   1
   322.6    255.4   1
   283.5    251.0   0
   292.4    249.5   1
   298.3    242.1   1
   302.7    234.0   1
   304.9    224.4   1
   298.3    226.6   1
   290.2    232.5   1
   284.3    238.4   1
   282.8    251.0   1
   233.4    207.5   0
   240.8    215.6   1
   243.7    224.4   1
   252.6    231.8   1
   261.4    233.3   1
   271.0    234.0   1
   268.0    230.3   1
   265.1    222.9   1
   259.9    216.3   1
   254.0    215.6   1
   243.7    215.6   1
   241.5    214.1   1
   238.5    211.2   1
   233.4    205.3   1
   231.9    203.8   1
   283.5    250.2   0
   293.1    242.1   1
   298.3    234.7   1
   304.2    224.4   1
   321.9    255.4   0
   323.3    254.6   1
   319.7    254.6   1
   323.3    254.6   0
   338.8    253.9   1
   346.9    245.8   1
   355.0    239.9   1
   363.1    237.7   1
   243.0    217.8   0
   250.3    220.7   1
   257.7    225.2   1
   270.3    233.3   1
    34.3    272.4   0
    41.0    281.9   1
    42.4    298.9   1
    35.1    316.6   1
    26.2    323.2   1
    22.5    331.3   1
    18.1    319.6   1
    15.9    311.4   1
    24.0    284.9   1
    34.3    272.4   1
    22.5    329.9   0
    23.3    319.6   1
    26.2    308.5   1
    31.4    298.2   1
    33.6    281.2   1
    35.1    273.1   1
   110.3    265.7   0
   105.8    263.5   1
   100.7    255.4   1
    99.9    239.9   1
   100.7    224.4   1
    99.9    214.9   1
   110.3    265.7   0
   110.3    267.2   1
   103.6    264.2   1
   102.2    260.6   1
    99.2    257.6   1
    94.8    258.3   1
    91.8    267.9   1
    77.8    275.3   1
    79.3    271.6   1
    91.1    265.7   1
    92.6    256.9   1
    98.5    253.9   1
    97.7    241.4   1
    97.7    232.5   1
    98.5    228.9   1
    98.5    221.5   1
    97.0    220.7   1
    97.0    214.9   1
   136.1    164.0   0
   139.0    175.0   1
   138.3    181.7   1
   130.2    184.6   1
   139.7    183.1   1
   143.4    170.6   1
   139.0    154.4   1
   162.6    118.3   0
   165.5    122.7   1
   174.4    123.4   1
   181.0    122.7   1
   178.1    119.0   1
   174.4    117.5   1
   167.0    117.5   1
   163.3    117.5   1
   312.3    138.2   0
   307.1    147.7   1
   296.0    152.2   1
   287.9    150.7   1
   282.8    142.6   1
   286.5    144.1   1
   295.3    145.5   1
   296.8    138.9   1
   299.0    135.9   1
   304.2    133.0   1
   308.6    135.9   1
   312.3    137.4   1
   311.5    138.2   0
   304.9    139.6   1
   301.9    143.3   1
   297.5    147.7   1
   290.9    147.7   1
   285.0    144.8   1
   317.4    130.8   0
   320.4    132.3   1
   326.3    133.0   1
   332.2    129.3   1
   334.4    121.9   1
   338.8    119.0   1
   332.2    117.5   1
   327.7    118.2   1
   323.3    122.7   1
   319.6    124.1   1
   317.4    131.5   1
   324.1    128.6   1
   329.2    124.1   1
   336.6    119.7   1
   336.6    119.7   1
   264.4    391.0   0
   274.7    389.6   1
   280.6    384.4   1
   287.2    376.3   1
   290.2    366.7   1
   290.9    351.2   1
   285.0    363.8   1
   281.3    368.2   1
   272.5    372.6   1
   262.9    377.0   1
   421.4     73.3   0
   419.9     71.1   1
   442.0     46.0   1
   412.5     68.1   0
   431.0     48.2   1
   410.3     64.4   0
   425.8     48.2   1
   405.9     64.4   0
   421.4     48.2   1
   401.5     61.5   0
   415.5     46.7   1
   404.4     62.2   0
   418.4     48.2   1
   419.9     78.4   0
   419.9     71.8   1
   397.8     69.6   0
   397.8     58.5   1
   396.3     70.3   0
   394.8     59.3   1
   393.4     68.1   1
   391.9     59.3   1
   417.0     91.7   0
   414.7     95.4   1
