   147.6    289.4   0
   152.1    306.2   1
   155.6    326.2   1
   157.9    345.2   1
   157.9    356.4   1
   156.5    360.8   1
   153.0    364.3   1
   150.3    365.6   1
   137.0    367.0   1
   112.7    367.0   1
    82.9    367.0   1
    71.0    367.0   1
    61.2    366.1   1
    57.3    365.2   1
    55.5    364.3   1
    53.7    362.9   1
    52.9    360.3   1
    53.7    355.9   1
    54.1    350.6   1
    55.0    339.5   1
    57.7    326.2   1
    61.2    312.9   1
    68.4    297.8   1
    70.5    293.4   1
    71.9    289.9   1
    74.6    288.1   1
    76.7    289.0   1
    80.8    290.7   1
    85.6    292.0   1
    93.6    293.0   1
    97.5    293.0   1
   101.1    293.0   1
   105.2    293.0   1
   122.0    293.0   1
   124.2    293.0   1
   135.2    292.0   1
   137.9    290.7   1
   138.8    289.4   1
   139.7    288.5   1
   141.0    287.2   1
   142.3    286.7   1
   144.1    286.7   1
   146.3    287.2   1
   146.8    288.1   1
   147.3    288.5   1
   147.6    288.5   1
   147.6    289.4   1
   146.3    286.7   0
   145.5    284.5   1
   144.5    283.6   1
   144.5    283.6   1
   143.7    281.9   1
   143.2    281.9   1
   141.9    281.9   1
   140.2    282.3   1
   137.5    283.6   1
   134.8    285.4   1
   132.2    285.4   1
   124.6    287.7   1
   115.3    287.2   1
   110.9    287.2   1
   104.3    287.2   1
   101.6    287.2   1
    96.7    286.3   1
    94.5    286.3   1
    91.4    286.3   1
    86.5    285.9   1
    82.1    285.4   1
    80.8    284.1   1
    78.5    284.1   1
    76.4    283.6   1
    75.0    284.1   1
    73.2    286.3   1
    72.3    288.1   1
    72.3    289.4   1
   132.2    347.5   0
   133.4    345.7   1
   136.2    341.2   1
   137.5    338.2   1
   138.4    332.9   1
   138.4    328.8   1
   139.3    325.2   1
   139.3    321.3   1
   138.4    318.2   1
   136.2    313.8   1
   134.0    312.9   1
   131.3    312.9   1
   128.1    315.5   1
   128.1    317.8   1
   127.7    320.4   1
   128.1    324.0   1
   128.6    326.2   1
   129.5    329.7   1
   130.4    332.0   1
   131.3    334.1   1
   131.3    335.5   1
   131.7    336.8   1
   131.7    338.6   1
   131.7    340.0   1
   131.3    343.5   1
   131.3    345.7   1
   130.8    347.5   1
   130.4    348.7   1
   130.8    348.7   1
   132.2    348.7   1
   130.8    348.7   1
   132.6    346.6   1
    87.0    350.6   0
    85.2    349.2   1
    83.8    347.9   1
    82.9    345.7   1
    82.1    341.2   1
    82.1    338.2   1
    82.5    331.5   1
    82.9    327.6   1
    83.5    324.4   1
    84.3    321.8   1
    86.1    319.6   1
    87.8    317.8   1
    90.5    315.5   1
    92.3    315.5   1
    94.0    316.9   1
    94.5    318.3   1
    86.5    350.1   0
    90.0    352.3   1
    88.8    349.2   1
    87.8    347.5   1
    87.4    344.8   1
    87.0    341.8   1
    87.4    338.6   1
    88.3    335.9   1
    89.6    332.9   1
    90.9    332.0   1
    93.2    329.7   1
    94.9    328.4   1
    95.8    326.2   1
    96.3    324.0   1
    96.7    321.8   1
    96.3    318.7   1
    95.4    316.9   1
    93.6    316.0   1
   136.6    367.4   0
   137.5    368.7   1
   138.4    371.8   1
   138.4    373.6   1
   138.4    371.8   0
   139.3    374.5   1
   140.2    378.0   1
   140.5    379.8   1
   141.1    382.9   1
   140.5    386.4   1
   139.3    394.0   1
   135.2    399.8   1
   122.0    412.2   1
   119.4    414.0   1
   116.7    414.4   1
   114.4    413.5   1
   112.3    410.9   1
   110.9    408.6   1
   109.6    406.0   1
   107.8    402.4   1
   105.2    407.3   1
   102.9    410.9   1
   100.2    415.2   1
    96.7    417.5   1
    92.7    417.0   1
    88.8    414.4   1
    82.9    409.5   1
    79.9    406.4   1
    76.4    404.6   1
    74.1    402.0   1
    72.8    400.2   1
    71.0    398.8   0
    68.4    396.7   1
    66.6    394.4   1
    65.3    392.3   1
    64.3    386.9   1
    64.3    383.8   1
    65.7    379.4   1
    67.5    375.0   1
    69.7    370.0   1
    71.9    367.9   1
   139.7    387.8   0
   138.4    390.5   1
   137.0    391.7   1
   134.4    393.1   1
   132.2    394.0   1
   128.2    394.9   1
   123.8    394.4   1
   120.6    392.7   1
   118.8    390.5   1
   118.4    386.9   1
   118.8    382.5   1
   119.4    379.8   1
   119.7    376.7   1
   120.6    375.0   1
   122.4    372.7   1
   125.1    370.0   1
   127.3    367.9   1
   131.3    367.4   1
   133.1    367.4   1
   136.2    367.0   1
    65.3    392.7   0
    69.7    395.3   1
    72.4    395.3   1
    75.9    395.3   1
    81.2    394.4   1
    84.3    393.1   1
    87.4    390.5   1
    88.3    387.8   1
    88.8    385.2   1
    88.3    382.9   1
    87.0    379.3   1
    85.6    375.8   1
    83.8    371.4   1
    81.2    369.2   1
    79.9    367.9   1
    77.6    367.4   1
    68.8    397.6   0
    58.2    399.4   1
    51.5    399.8   1
    42.6    399.4   1
    34.2    399.8   1
    24.4    398.0   1
    18.7    396.7   1
    16.5    395.3   1
    14.7    393.5   1
    13.4    389.6   1
    13.8    386.9   1
    17.8    382.9   1
    28.0    378.9   1
    32.9    376.3   1
    41.3    372.7   1
    44.4    370.6   1
    51.9    366.5   1
    54.1    363.5   1
   140.2    390.0   0
   148.2    391.7   1
   161.4    393.1   1
   183.6    392.7   1
   193.3    391.4   1
   197.3    390.9   1
   199.6    388.7   1
   201.7    384.7   1
   202.7    379.8   1
   201.3    375.0   1
   199.6    372.2   1
   196.9    370.0   1
   192.0    369.2   1
   195.1    369.2   1
   189.3    366.5   1
   183.6    365.2   1
   179.6    365.2   1
   176.4    365.2   1
   173.4    365.6   1
   170.8    367.4   1
   166.7    367.9   1
   166.7    367.4   1
   164.5    367.4   1
   162.8    366.9   1
   161.0    366.5   1
   159.2    364.7   1
   157.0    364.3   1
   155.2    364.3   1
   153.4    363.9   1
   187.1    365.6   0
   180.0    363.9   1
   177.4    362.9   1
   174.3    362.6   1
   171.1    361.2   1
   167.6    361.2   1
   164.5    360.8   1
   161.0    360.8   1
   158.3    360.8   1
   155.6    360.8   1
   139.7    389.6   0
   139.7    401.1   1
   139.7    390.0   1
   140.2    388.7   1
   139.7    393.1   1
   139.7    401.5   1
   135.7    408.2   1
   129.5    414.0   1
   125.1    418.4   1
   122.9    419.3   1
   121.1    420.2   1
   118.0    420.6   1
   114.4    420.6   1
   112.7    419.3   1
   110.9    416.6   1
   109.6    413.5   1
   108.7    410.9   1
   108.2    410.9   1
   106.0    417.5   1
   103.0    422.0   1
    99.8    424.1   1
    96.3    424.1   1
    90.9    423.3   1
    88.8    422.0   1
    85.6    418.8   1
    82.9    417.0   1
    79.4    413.5   1
    74.6    408.6   1
    72.8    405.1   1
    70.1    399.4   1
    69.2    398.0   1
   139.7    403.3   0
   132.2    414.4   1
   125.1    424.6   1
   121.5    431.2   1
   117.6    435.2   1
   113.5    432.6   1
   112.3    430.8   1
   110.5    429.4   1
   107.3    433.0   1
   125.5    385.6   0
   127.7    386.4   1
   129.1    385.6   1
   129.5    383.8   1
   129.1    382.0   1
   128.2    381.6   1
   126.8    381.6   1
   125.1    382.5   1
   125.1    384.3   1
   125.1    385.2   1
    81.7    386.9   0
    83.5    386.4   1
    83.8    385.2   1
    84.3    384.3   1
    83.8    382.9   1
    82.5    382.0   1
    80.3    382.0   1
    79.9    385.2   1
    80.3    386.4   1
    81.2    386.9   1
   106.9    433.9   0
   106.0    433.9   1
   106.0    433.9   1
   105.6    434.4   1
   102.0    433.4   1
   100.7    430.4   1
   100.2    427.6   1
    97.2    425.0   1
    94.5    425.0   1
    91.8    425.0   1
    95.9    424.1   1
    94.9    425.5   1
   109.1    431.7   0
   109.1    435.2   1
   108.2    437.9   1
   108.2    440.5   1
   106.0    441.5   1
   103.4    442.3   1
   100.7    442.3   1
    98.9    441.0   1
    98.0    439.7   1
    97.6    437.0   1
    97.6    434.4   1
    96.7    430.8   1
    95.9    428.6   1
    94.1    427.3   1
    92.7    426.3   1
    92.7    426.3   1
    97.2    436.1   0
    95.4    437.9   1
    92.3    437.4   1
    90.6    434.8   1
    88.8    431.2   1
    85.2    425.5   1
    81.2    417.5   1
    78.5    413.1   1
    75.0    409.9   1
    87.0    429.1   0
    84.7    428.1   1
    83.0    428.1   1
    78.1    427.3   1
    73.2    428.1   1
    74.1    427.6   1
    67.5    427.3   1
    64.8    427.6   1
    63.5    429.4   1
    63.5    431.7   1
    64.3    433.0   1
    74.1    442.8   1
    77.2    412.2   0
    73.7    411.7   1
    71.0    411.7   1
    66.1    413.1   1
    60.0    416.6   1
    56.4    421.5   1
    54.6    427.6   1
    54.6    433.0   1
    73.2    441.9   0
    73.2    442.3   1
    74.1    443.6   1
    73.2    444.5   1
    65.7    440.5   1
    62.6    439.7   1
    59.0    437.4   1
    56.4    433.9   1
    55.0    431.2   1
   133.5    413.1   0
   141.1    418.0   1
   145.0    419.7   1
   149.0    425.0   1
   122.4    430.4   0
   126.5    430.4   1
   128.6    430.8   1
   131.3    431.2   1
   133.1    432.1   1
   135.7    433.4   1
   137.0    435.6   1
   137.9    437.9   1
   138.4    442.3   1
   138.4    439.2   1
   137.5    437.9   1
   137.5    437.4   0
   135.7    433.0   1
   135.2    433.0   0
   140.2    433.4   1
   141.9    434.8   1
   143.2    436.1   1
   143.2    436.5   1
   143.2    437.9   1
   132.2    445.8   1
   132.2    446.3   1
   132.6    446.8   1
   135.3    446.8   1
   137.9    446.8   1
   139.7    445.8   1
   138.4    446.8   1
   133.1    446.8   1
   150.3    440.1   1
   152.1    438.7   1
   153.5    437.0   1
   153.9    433.9   1
   153.5    429.9   1
   152.6    426.8   1
   150.0    424.1   1
   147.6    422.3   1
   143.7    282.3   0
   140.2    280.1   1
   137.0    279.2   1
   131.3    278.8   1
   127.7    278.8   1
   122.4    278.3   1
   117.1    277.9   1
   108.7    277.9   1
    98.0    277.0   1
    92.2    277.0   1
    86.5    278.3   1
    82.9    279.6   1
    78.1    281.4   1
    76.7    283.6   1
    74.6    283.6   1
   108.2    432.1   0
   106.9    435.7   1
   105.6    437.4   1
   104.3    437.9   1
   103.4    437.9   1
   102.0    437.9   1
   100.2    436.1   1
    99.4    435.2   1
    99.4    433.4   1
    99.4    431.2   1
    99.4    429.4   1
    98.9    429.4   1
    98.0    427.3   1
    97.6    425.5   1
    96.3    425.5   1
   108.7    432.6   0
   108.2    434.4   1
   108.2    436.5   1
   107.8    437.4   1
   106.5    438.7   1
   106.0    439.7   1
   105.2    440.1   1
   103.8    440.1   1
   102.5    439.7   1
   100.7    439.7   1
    99.8    439.7   1
    99.8    437.9   1
    98.9    436.5   1
    98.9    433.9   1
    98.9    432.6   1
    98.5    432.6   1
    98.5    431.7   1
    98.0    429.9   1
    97.6    428.6   1
    97.2    428.6   1
    96.3    427.6   1
    95.4    427.3   1
    94.9    427.3   1
    94.9    426.3   1
    94.5    425.9   1
   143.2    437.9   0
   143.2    435.6   1
   143.7    433.4   1
   143.2    430.8   1
   142.3    429.9   1
    63.5    431.7   0
    63.9    429.9   1
    64.3    425.9   1
    66.1    424.6   1
    67.9    423.3   1
    70.1    423.3   1
    71.4    422.8   1
   159.0    354.0   0
   237.0    360.0   1
   314.0    364.0   1
   354.0    355.0   1
   375.0    334.0   1
   382.0    281.0   1
   391.0    259.0   1
   416.0    232.0   1
   423.0    217.0   1
   423.0    194.0   1
   420.0    184.0   1
   411.0    185.0   1
   408.0    193.0   1
   407.0    213.0   1
   395.0    234.0   1
   379.0    246.0   1
   374.0    255.0   1
   368.0    272.0   1
   365.0    276.0   1
   365.0    291.0   1
   365.0    303.0   1
   365.0    312.0   1
   366.0    329.0   1
   368.0    336.0   1
   367.0    343.0   1
   364.0    306.0   1
   361.0    277.0   1
   352.0    247.0   1
   356.0    224.0   1
   360.0    203.0   1
   366.0    183.0   1
   357.0    145.0   1
   358.0    129.0   1
   328.0    130.0   1
   330.0    159.0   1
   330.0    187.0   1
   317.0    198.0   1
   304.0    216.0   1
   294.0    236.0   1
   296.0    271.0   1
   294.0    228.0   0
   272.0    218.0   1
   253.0    216.0   1
   214.0    214.0   1
   189.0    215.0   1
   173.0    221.0   1
   167.0    225.0   1
   167.0    208.0   1
   170.0    184.0   1
   167.0    162.0   1
   167.0    132.0   1
   169.0    126.0   1
   137.0    125.0   1
   139.0    134.0   1
   136.0    185.0   1
   137.0    224.0   1
   121.0    219.0   1
   109.0    225.0   1
   115.0    191.0   1
   112.0    139.0   1
   113.0    127.0   1
    85.0    128.0   1
    88.0    141.0   1
    87.0    153.0   1
    87.0    157.0   1
    87.0    176.0   1
    81.0    192.0   1
    84.0    234.0   1
    81.0    257.0   1
    77.0    279.0   1
    77.0    281.0   1
   245.0    212.0   0
   252.0    202.0   1
   258.0    194.0   1
   251.0    185.0   1
   251.0    178.0   1
   256.0    176.0   1
   263.0    176.0   1
   264.0    178.0   1
   269.0    182.0   1
   269.0    185.0   1
   282.0    182.0   1
   288.0    182.0   1
   290.0    182.0   1
   291.0    170.0   1
   297.0    167.0   1
   301.0    167.0   1
   305.0    169.0   1
   305.0    176.0   1
   305.0    179.0   1
   305.0    183.0   1
   305.0    184.0   1
   307.0    185.0   1
   311.0    186.0   1
   314.0    190.0   1
   318.0    193.0   1
   319.0    195.0   1
   292.0    170.0   0
   284.0    146.0   1
   286.0    131.0   1
   273.0    131.0   1
   253.0    131.0   1
   260.0    146.0   1
   265.0    163.0   1
   266.0    172.0   1
   267.0    181.0   1
    89.0    136.0   0
   113.0    136.0   1
   139.0    135.0   0
   167.0    136.0   1
   259.0    142.0   0
   284.0    142.0   1
   331.0    142.0   0
   356.0    142.0   1
